,,,,,,,,,,,,,,,,,,,,,,,,,,,,,,,,,,,,,,,,,,,,,,,,,,,,,,,,,,,,,,,,,,,,,,,,,,,,,,,,,,,,,,,,,,,,,,,,,,,,,,,,,,,,,,,,,,,,,,,,,,,,,,,,,,,,,,,,,,,,,,,,,,,,,,,,,,,,,,,,,,,,,,,,,,,,,,,,,,,,,,,,,,,,,,,,,,,,,,,,,,,,,,,,,,,,,,,,,,,,,,,,,,,,,,,,,,,,,,,,,,,,,,,,,,,,,,,,,,,,,,,,,,,,,,,,,,,,,,,,,,,,,,,,,,,,,,,,,,,,,,,,,,,,,,,,,,,,,,,,,,,,,,,,,,,,,,,,,,,,,,,,,,,,,,,,,,,,,,,,,,,,,,,,,,,,,,,,,,,,,,,,,,,,,,,,,,,,,,,,,,,,,,,,,,,,,,,,,,,,,,,,,,,,,,,,,,,,,,,,,,,,,,,,,,,,,,,,,,,,,,,,,,,,,,,,,,,,,,,,,,,,,,,,,,,,,,,,,,,,,,,,,,,,,,,,,,,,,,,,,,,,,,,,,,,,,,,,,,,,,,,,,,,,,,,,,,,,,,,,,,,,,,,,,,,,,,,,,,,,,,,,,,,,,,,,,,,,,,,,,,,,,,,,,,,,,,,,,,,,,,,,,,,,,,,,,,,,,,,,,,,,,,,,,,,,,,,,,,,,,,,,,,,,,,,,,,,,,,,,,,,,,,,,,,,,,,,,,,,,,,,,,,,,,,,,,,,,,,,
,,,,,,,,,,,,,,,,,,,,,,,,,,,,,,,,,,,,,,,,,,,,,,,,,,,,,,,,,,,,,,,,,,,,,,,,,,,,,,,,,,,,,,,,,,,,,,,,,,,,,,,,,,,,,,,,,,,,,,,,,,,,,,,,,,,,,,,,,,,,,,,,,,,,,,,,,,,,,,,,,,,,,,,,,,,,,,,,,,,,,,,,,,,,,,,,,,,,,,,,,,,,,,,,,,,,,,,,,,,,,,,,,,,,,,,,,,,,,,,,,,,,,,,,,,,,,,,,,,,,,,,,,,,,,,,,,,,,,,,,,,,,,,,,,,,,,,,,,,,,,,,,,,,,,,,,,,,,,,,,,,,,,,,,,,,,,,,,,,,,,,,,,,,,,,,,,,,,,,,,,,,,,,,,,,,,,,,,,,,,,,,,,,,,,,,,,,,,,,,,,,,,,,,,,,,,,,,,,,,,,,,,,,,,,,,,,,,,,,,,,,,,,,,,,,,,,,,,,,,,,,,,,,,,,,,,,,,,,,,,,,,,,,,,,,,,,,,,,,,,,,,,,,,,,,,,,,,,,,,,,,,,,,,,,,,,,,,,,,,,,,,,,,,,,,,,,,,,,,,,,,,,,,,,,,,,,,,,,,,,,,,,,,,,,,,,,,,,,,,,,,,,,,,,,,,,,,,,,,,,,,,,,,,,,,,,,,,,,,,,,,,,,,,,,,,,,,,,,,,,,,,,,,,,,,,,,,,,,,,,,,,,,,,,,,,,,,,,,,,,,,,,,,,,,,,,,,,,,,,
,,,,,,,,,,,,,,,,,,,,,,,,,,,,,,,,,,,,,,,,,,,,,,,,,,,,,,,,,,,,,,,,,,,,,,,,,,,,,,,,,,,,,,,,,,,,,,,,,,,,,,,,,,,,,,,,,,,,,,,,,,,,,,,,,,,,,,,,,,,,,,,,,,,,,,,,,,,,,,,,,,,,,,,,,,,,,,,,,,,,,,,,,,,,,,,,,,,,,,,,,,,,,,,,,,,,,,,,,,,,,,,,,,,,,,,,,,,,,,,,,,,,,,,,,,,,,,,,,,,,,,,,,,,,,,,,,,,,,,,,,,,,,,,,,,,,,,,,,,,,,,,,,,,,,,,,,,,,,,,,,,,,,,,,,,,,,,,,,,,,,,,,,,,,,,,,,,,,,,,,,,,,,,,,,,,,,,,,,,,,,,,,,,,,,,,,,,,,,,,,,,,,,,,,,,,,,,,,,,,,,,,,,,,,,,,,,,,,,,,,,,,,,,,,,,,,,,,,,,,,,,,,,,,,,,,,,,,,,,,,,,,,,,,,,,,,,,,,,,,,,,,,,,,,,,,,,,,,,,,,,,,,,,,,,,,,,,,,,,,,,,,,,,,,,,,,,,,,,,,,,,,,,,,,,,,,,,,,,,,,,,,,,,,,,,,,,,,,,,,,,,,,,,,,,,,,,,,,,,,,,,,,,,,,,,,,,,,,,,,,,,,,,,,,,,,,,,,,,,,,,,,,,,,,,,,,,,,,,,,,,,,,,,,,,,,,,,,,,,,,,,,,,,,,,,,,,,,,,,,
,,,,,,,,,,,,,,,,,,,,,,,,,,,,,,,,,,,,,,,,,,,,,,,,,,,,,,,,,,,,,,,,,,,,,,,,,,,,,,,,,,,,,,,,,,,,,,,,,,,,,,,,,,,,,,,,,,,,,,,,,,,,,,,,,,,,,,,,,,,,,,,,,,,,,,,,,,,,,,,,,,,,,,,,,,,,,,,,,,,,,,,,,,,,,,,,,,,,,,,,,,,,,,,,,,,,,,,,,,,,,,,,,,,,,,,,,,,,,,,,,,,,,,,,,,,,,,,,,,,,,,,,,,,,,,,,,,,,,,,,,,,,,,,,,,,,,,,,,,,,,,,,,,,,,,,,,,,,,,,,,,,,,,,,,,,,,,,,,,,,,,,,,,,,,,,,,,,,,,,,,,,,,,,,,,,,,,,,,,,,,,,,,,,,,,,,,,,,,,,,,,,,,,,,,,,,,,,,,,,,,,,,,,,,,,,,,,,,,,,,,,,,,,,,,,,,,,,,,,,,,,,,,,,,,,,,,,,,,,,,,,,,,,,,,,,,,,,,,,,,,,,,,,,,,,,,,,,,,,,,,,,,,,,,,,,,,,,,,,,,,,,,,,,,,,,,,,,,,,,,,,,,,,,,,,,,,,,,,,,,,,,,,,,,,,,,,,,,,,,,,,,,,,,,,,,,,,,,,,,,,,,,,,,,,,,,,,,,,,,,,,,,,,,,,,,,,,,,,,,,,,,,,,,,,,,,,,,,,,,,,,,,,,,,,,,,,,,,,,,,,,,,,,,,,,,,,,,,,,,
,,,,,,,,,,,,,,,,,,,,,,,,,,,,,,,,,,,,,,,,,,,,,,,,,,,,,,,,,,,,,,,,,,,,,,,,,,,,,,,,,,,,,,,,,,,,,,,,,,,,,,,,,,,,,,,,,,,,,,,,,,,,,,,,,,,,,,,,,,,,,,,,,,,,,,,,,,,,,,,,,,,,,,,,,,,,,,,,,,,,,,,,,,,,,,,,,,,,,,,,,,,,,,,,,,,,,,,,,,,,,,,,,,,,,,,,,,,,,,,,,,,,,,,,,,,,,,,,,,,,,,,,,,,,,,,,,,,,,,,,,,,,,,,,,,,,,,,,,,,,,,,,,,,,,,,,,,,,,,,,,,,,,,,,,,,,,,,,,,,,,,,,,,,,,,,,,,,,,,,,,,,,,,,,,,,,,,,,,,,,,,,,,,,,,,,,,,,,,,,,,,,,,,,,,,,,,,,,,,,,,,,,,,,,,,,,,,,,,,,,,,,,,,,,,,,,,,,,,,,,,,,,,,,,,,,,,,,,,,,,,,,,,,,,,,,,,,,,,,,,,,,,,,,,,,,,,,,,,,,,,,,,,,,,,,,,,,,,,,,,,,,,,,,,,,,,,,,,,,,,,,,,,,,,,,,,,,,,,,,,,,,,,,,,,,,,,,,,,,,,,,,,,,,,,,,,,,,,,,,,,,,,,,,,,,,,,,,,,,,,,,,,,,,,,,,,,,,,,,,,,,,,,,,,,,,,,,,,,,,,,,,,,,,,,,,,,,,,,,,,,,,,,,,,,,,,,,,,,,,
,,,,,,,,,,,,,,,,,,,,,,,,,,,,,,,,,,,,,,,,,,,,,,,,,,,,,,,,,,,,,,,,,,,,,,,,,,,,,,,,,,,,,,,,,,,,,,,,,,,,,,,,,,,,,,,,,,,,,,,,,,,,,,,,,,,,,,,,,,,,,,,,,,,,,,,,,,,,,,,,,,,,,,,,,,,,,,,,,,,,,,,,,,,,,,,,,,,,,,,,,,,,,,,,,,,,,,,,,,,,,,,,,,,,,,,,,,,,,,,,,,,,,,,,,,,,,,,,,,,,,,,,,,,,,,,,,,,,,,,,,,,,,,,,,,,,,,,,,,,,,,,,,,,,,,,,,,,,,,,,,,,,,,,,,,,,,,,,,,,,,,,,,,,,,,,,,,,,,,,,,,,,,,,,,,,,,,,,,,,,,,,,,,,,,,,,,,,,,,,,,,,,,,,,,,,,,,,,,,,,,,,,,,,,,,,,,,,,,,,,,,,,,,,,,,,,,,,,,,,,,,,,,,,,,,,,,,,,,,,,,,,,,,,,,,,,,,,,,,,,,,,,,,,,,,,,,,,,,,,,,,,,,,,,,,,,,,,,,,,,,,,,,,,,,,,,,,,,,,,,,,,,,,,,,,,,,,,,,,,,,,,,,,,,,,,,,,,,,,,,,,,,,,,,,,,,,,,,,,,,,,,,,,,,,,,,,,,,,,,,,,,,,,,,,,,,,,,,,,,,,,,,,,,,,,,,,,,,,,,,,,,,,,,,,,,,,,,,,,,,,,,,,,,,,,,,,,,,,,,
,,,,,,,,,,,,,,,,,,,,,,,,,,,,,,,,,,,,,,,,,,,,,,,,,,,,,,,,,,,,,,,,,,,,,,,,,,,,,,,,,,,,,,,,,,,,,,,,,,,,,,,,,,,,,,,,,,,,,,,,,,,,,,,,,,,,,,,,,,,,,,,,,,,,,,,,,,,,,,,,,,,,,,,,,,,,,,,,,,,,,,,,,,,,,,,,,,,,,,,,,,,,,,,,,,,,,,,,,,,,,,,,,,,,,,,,,,,,,,,,,,,,,,,,,,,,,,,,,,,,,,,,,,,,,,,,,,,,,,,,,,,,,,,,,,,,,,,,,,,,,,,,,,,,,,,,,,,,,,,,,,,,,,,,,,,,,,,,,,,,,,,,,,,,,,,,,,,,,,,,,,,,,,,,,,,,,,,,,,,,,,,,,,,,,,,,,,,,,,,,,,,,,,,,,,,,,,,,,,,,,,,,,,,,,,,,,,,,,,,,,,,,,,,,,,,,,,,,,,,,,,,,,,,,,,,,,,,,,,,,,,,,,,,,,,,,,,,,,,,,,,,,,,,,,,,,,,,,,,,,,,,,,,,,,,,,,,,,,,,,,,,,,,,,,,,,,,,,,,,,,,,,,,,,,,,,,,,,,,,,,,,,,,,,,,,,,,,,,,,,,,,,,,,,,,,,,,,,,,,,,,,,,,,,,,,,,,,,,,,,,,,,,,,,,,,,,,,,,,,,,,,,,,,,,,,,,,,,,,,,,,,,,,,,,,,,,,,,,,,,,,,,,,,,,,,,,,,,,,,
,,,,,,,,,,,,,,,,,,,,,,,,,,,,,,,,,,,,,,,,,,,,,,,,,,,,,,,,,,,,,,,,,,,,,,,,,,,,,,,,,,,,,,,,,,,,,,,,,,,,,,,,,,,,,,,,,,,,,,,,,,,,,,,,,,,,,,,,,,,,,,,,,,,,,,,,,,,,,,,,,,,,,,,,,,,,,,,,,,,,,,,,,,,,,,,,,,,,,,,,,,,,,,,,,,,,,,,,,,,,,,,,,,,,,,,,,,,,,,,,,,,,,,,,,,,,,,,,,,,,,,,,,,,,,,,,,,,,,,,,,,,,,,,,,,,,,,,,,,,,,,,,,,,,,,,,,,,,,,,,,,,,,,,,,,,,,,,,,,,,,,,,,,,,,,,,,,,,,,,,,,,,,,,,,,,,,,,,,,,,,,,,,,,,,,,,,,,,,,,,,,,,,,,,,,,,,,,,,,,,,,,,,,,,,,,,,,,,,,,,,,,,,,,,,,,,,,,,,,,,,,,,,,,,,,,,,,,,,,,,,,,,,,,,,,,,,,,,,,,,,,,,,,,,,,,,,,,,,,,,,,,,,,,,,,,,,,,,,,,,,,,,,,,,,,,,,,,,,,,,,,,,,,,,,,,,,,,,,,,,,,,,,,,,,,,,,,,,,,,,,,,,,,,,,,,,,,,,,,,,,,,,,,,,,,,,,,,,,,,,,,,,,,,,,,,,,,,,,,,,,,,,,,,,,,,,,,,,,,,,,,,,,,,,,,,,,,,,,,,,,,,,,,,,,,,,,,,,,,,
,,,,,,,,,,,,,,,,,,,,,,,,,,,,,,,,,,,,,,,,,,,,,,,,,,,,,,,,,,,,,,,,,,,,,,,,,,,,,,,,,,,,,,,,,,,,,,,,,,,,,,,,,,,,,,,,,,,,,,,,,,,,,,,,,,,,,,,,,,,,,,,,,,,,,,,,,,,,,,,,,,,,,,,,,,,,,,,,,,,,,,,,,,,,,,,,,,,,,,,,,,,,,,,,,,,,,,,,,,,,,,,,,,,,,,,,,,,,,,,,,,,,,,,,,,,,,,,,,,,,,,,,,,,,,,,,,,,,,,,,,,,,,,,,,,,,,,,,,,,,,,,,,,,,,,,,,,,,,,,,,,,,,,,,,,,,,,,,,,,,,,,,,,,,,,,,,,,,,,,,,,,,,,,,,,,,,,,,,,,,,,,,,,,,,,,,,,,,,,,,,,,,,,,,,,,,,,,,,,,,,,,,,,,,,,,,,,,,,,,,,,,,,,,,,,,,,,,,,,,,,,,,,,,,,,,,,,,,,,,,,,,,,,,,,,,,,,,,,,,,,,,,,,,,,,,,,,,,,,,,,,,,,,,,,,,,,,,,,,,,,,,,,,,,,,,,,,,,,,,,,,,,,,,,,,,,,,,,,,,,,,,,,,,,,,,,,,,,,,,,,,,,,,,,,,,,,,,,,,,,,,,,,,,,,,,,,,,,,,,,,,,,,,,,,,,,,,,,,,,,,,,,,,,,,,,,,,,,,,,,,,,,,,,,,,,,,,,,,,,,,,,,,,,,,,,,,,,,,,,
,,,,,,,,,,,,,,,,,,,,,,,,,,,,,,,,,,,,,,,,,,,,,,,,,,,,,,,,,,,,,,,,,,,,,,,,,,,,,,,,,,,,,,,,,,,,,,,,,,,,,,,,,,,,,,,,,,,,,,,,,,,,,,,,,,,,,,,,,,,,,,,,,,,,,,,,,,,,,,,,,,,,,,,,,,,,,,,,,,,,,,,,,,,,,,,,,,,,,,,,,,,,,,,,,,,,,,,,,,,,,,,,,,,,,,,,,,,,,,,,,,,,,,,,,,,,,,,,,,,,,,,,,,,,,,,,,,,,,,,,,,,,,,,,,,,,,,,,,,,,,,,,,,,,,,,,,,,,,,,,,,,,,,,,,,,,,,,,,,,,,,,,,,,,,,,,,,,,,,,,,,,,,,,,,,,,,,,,,,,,,,,,,,,,,,,,,,,,,,,,,,,,,,,,,,,,,,,,,,,,,,,,,,,,,,,,,,,,,,,,,,,,,,,,,,,,,,,,,,,,,,,,,,,,,,,,,,,,,,,,,,,,,,,,,,,,,,,,,,,,,,,,,,,,,,,,,,,,,,,,,,,,,,,,,,,,,,,,,,,,,,,,,,,,,,,,,,,,,,,,,,,,,,,,,,,,,,,,,,,,,,,,,,,,,,,,,,,,,,,,,,,,,,,,,,,,,,,,,,,,,,,,,,,,,,,,,,,,,,,,,,,,,,,,,,,,,,,,,,,,,,,,,,,,,,,,,,,,,,,,,,,,,,,,,,,,,,,,,,,,,,,,,,,,,,,,,,,,,,,
,,,,,,,,,,,,,,,,,,,,,,,,,,,,,,,,,,,,,,,,,,,,,,,,,,,,,,,,,,,,,,,,,,,,,,,,,,,,,,,,,,,,,,,,,,,,,,,,,,,,,,,,,,,,,,,,,,,,,,,,,,,,,,,,,,,,,,,,,,,,,,,,,,,,,,,,,,,,,,,,,,,,,,,,,,,,,,,,,,,,,,,,,,,,,,,,,,,,,,,,,,,,,,,,,,,,,,,,,,,,,,,,,,,,,,,,,,,,,,,,,,,,,,,,,,,,,,,,,,,,,,,,,,,,,,,,,,,,,,,,,,,,,,,,,,,,,,,,,,,,,,,,,,,,,,,,,,,,,,,,,,,,,,,,,,,,,,,,,,,,,,,,,,,,,,,,,,,,,,,,,,,,,,,,,,,,,,,,,,,,,,,,,,,,,,,,,,,,,,,,,,,,,,,,,,,,,,,,,,,,,,,,,,,,,,,,,,,,,,,,,,,,,,,,,,,,,,,,,,,,,,,,,,,,,,,,,,,,,,,,,,,,,,,,,,,,,,,,,,,,,,,,,,,,,,,,,,,,,,,,,,,,,,,,,,,,,,,,,,,,,,,,,,,,,,,,,,,,,,,,,,,,,,,,,,,,,,,,,,,,,,,,,,,,,,,,,,,,,,,,,,,,,,,,,,,,,,,,,,,,,,,,,,,,,,,,,,,,,,,,,,,,,,,,,,,,,,,,,,,,,,,,,,,,,,,,,,,,,,,,,,,,,,,,,,,,,,,,,,,,,,,,,,,,,,,,,,,,,,,
,,,,,,,,,,,,,,,,,,,,,,,,,,,,,,,,,,,,,,,,,,,,,,,,,,,,,,,,,,,,,,,,,,,,,,,,,,,,,,,,,,,,,,,,,,,,,,,,,,,,,,,,,,,,,,,,,,,,,,,,,,,,,,,,,,,,,,,,,,,,,,,,,,,,,,,,,,,,,,,,,,,,,,,,,,,,,,,,,,,,,,,,,,,,,,,,,,,,,,,,,,,,,,,,,,,,,,,,,,,,,,,,,,,,,,,,,,,,,,,,,,,,,,,,,,,,,,,,,,,,,,,,,,,,,,,,,,,,,,,,,,,,,,,,,,,,,,,,,,,,,,,,,,,,,,,,,,,,,,,,,,,,,,,,,,,,,,,,,,,,,,,,,,,,,,,,,,,,,,,,,,,,,,,,,,,,,,,,,,,,,,,,,,,,,,,,,,,,,,,,,,,,,,,,,,,,,,,,,,,,,,,,,,,,,,,,,,,,,,,,,,,,,,,,,,,,,,,,,,,,,,,,,,,,,,,,,,,,,,,,,,,,,,,,,,,,,,,,,,,,,,,,,,,,,,,,,,,,,,,,,,,,,,,,,,,,,,,,,,,,,,,,,,,,,,,,,,,,,,,,,,,,,,,,,,,,,,,,,,,,,,,,,,,,,,,,,,,,,,,,,,,,,,,,,,,,,,,,,,,,,,,,,,,,,,,,,,,,,,,,,,,,,,,,,,,,,,,,,,,,,,,,,,,,,,,,,,,,,,,,,,,,,,,,,,,,,,,,,,,,,,,,,,,,,,,,,,,,,,,
,,,,,,,,,,,,,,,,,,,,,,,,,,,,,,,,,,,,,,,,,,,,,,,,,,,,,,,,,,,,,,,,,,,,,,,,,,,,,,,,,,,,,,,,,,,,,,,,,,,,,,,,,,,,,,,,,,,,,,,,,,,,,,,,,,,,,,,,,,,,,,,,,,,,,,,,,,,,,,,,,,,,,,,,,,,,,,,,,,,,,,,,,,,,,,,,,,,,,,,,,,,,,,,,,,,,,,,,,,,,,,,,,,,,,,,,,,,,,,,,,,,,,,,,,,,,,,,,,,,,,,,,,,,,,,,,,,,,,,,,,,,,,,,,,,,,,,,,,,,,,,,,,,,,,,,,,,,,,,,,,,,,,,,,,,,,,,,,,,,,,,,,,,,,,,,,,,,,,,,,,,,,,,,,,,,,,,,,,,,,,,,,,,,,,,,,,,,,,,,,,,,,,,,,,,,,,,,,,,,,,,,,,,,,,,,,,,,,,,,,,,,,,,,,,,,,,,,,,,,,,,,,,,,,,,,,,,,,,,,,,,,,,,,,,,,,,,,,,,,,,,,,,,,,,,,,,,,,,,,,,,,,,,,,,,,,,,,,,,,,,,,,,,,,,,,,,,,,,,,,,,,,,,,,,,,,,,,,,,,,,,,,,,,,,,,,,,,,,,,,,,,,,,,,,,,,,,,,,,,,,,,,,,,,,,,,,,,,,,,,,,,,,,,,,,,,,,,,,,,,,,,,,,,,,,,,,,,,,,,,,,,,,,,,,,,,,,,,,,,,,,,,,,,,,,,,,,,,,,,
,,,,,,,,,,,,,,,,,,,,,,,,,,,,,,,,,,,,,,,,,,,,,,,,,,,,,,,,,,,,,,,,,,,,,,,,,,,,,,,,,,,,,,,,,,,,,,,,,,,,,,,,,,,,,,,,,,,,,,,,,,,,,,,,,,,,,,,,,,,,,,,,,,,,,,,,,,,,,,,,,,,,,,,,,,,,,,,,,,,,,,,,,,,,,,,,,,,,,,,,,,,,,,,,,,,,,,,,,,,,,,,,,,,,,,,,,,,,,,,,,,,,,,,,,,,,,,,,,,,,,,,,,,,,,,,,,,,,,,,,,,,,,,,,,,,,,,,,,,,,,,,,,,,,,,,,,,,,,,,,,,,,,,,,,,,,,,,,,,,,,,,,,,,,,,,,,,,,,,,,,,,,,,,,,,,,,,,,,,,,,,,,,,,,,,,,,,,,,,,,,,,,,,,,,,,,,,,,,,,,,,,,,,,,,,,,,,,,,,,,,,,,,,,,,,,,,,,,,,,,,,,,,,,,,,,,,,,,,,,,,,,,,,,,,,,,,,,,,,,,,,,,,,,,,,,,,,,,,,,,,,,,,,,,,,,,,,,,,,,,,,,,,,,,,,,,,,,,,,,,,,,,,,,,,,,,,,,,,,,,,,,,,,,,,,,,,,,,,,,,,,,,,,,,,,,,,,,,,,,,,,,,,,,,,,,,,,,,,,,,,,,,,,,,,,,,,,,,,,,,,,,,,,,,,,,,,,,,,,,,,,,,,,,,,,,,,,,,,,,,,,,,,,,,,,,,,,,,,,,
,,,,,,,,,,,,,,,,,,,,,,,,,,,,,,,,,,,,,,,,,,,,,,,,,,,,,,,,,,,,,,,,,,,,,,,,,,,,,,,,,,,,,,,,,,,,,,,,,,,,,,,,,,,,,,,,,,,,,,,,,,,,,,,,,,,,,,,,,,,,,,,,,,,,,,,,,,,,,,,,,,,,,,,,,,,,,,,,,,,,,,,,,,,,,,,,,,,,,3.030303e+00,3.030303e+00,,,,,,,,,,,,,,,,,,,,,3.030303e+00,4.545455e+00,2.173913e+00,,6.521739e+00,,,,2.173913e+00,6.521739e+00,3.030303e+00,3.030303e+00,3.030303e+00,4.347826e+00,,,,,,,,,,,,,,,,,,,,,,,,,,,,,,,,,,,,,,,,,,,,,,,,,,,,,,,,,,,,,,,,,,,,,,,,,,,,,,,,,,,,,,,,,,,,,,,,,,,,,,,,,,,,,,,,,,,,,,,,,,,,,,,,,,,,,,,,,,,,,,,,,,,,,,,,,,,,,,,,,,,,,,,,,,,,,,,,,,,,,,,,,,,,,,,,,,,,,,,,,,,,,,,,,,,,,,,,,,,,,,,,,,,,,,,,,,,,,,,,,,,,,,,,,,,,,,,,,,,,,,,,,,,,,,,,,,,,,,,,,,,,,,,,,,,,,,,,,,,,,,,,,,,,,,,,,,,,,,,,,,,,,,,,,,,,,,,,,,,,,,,,,,,,,,,,,,,,,,,,,,,,,,,,,,,,,,,,,,,,,,,,,,,,,,,,,,,,,,,,,,,,,,,,,,,,,,,,,,,,,,,,,,,,,,,,,,,,,,,,,,,,,,,,,,,,,,,,,,,,,,,,,,,,,,,,,,,,,,,,,,,,,,,
,,,,,,,,,,,,,,,,,,,,,,,,,,,,,,,,,,,,,,,,,,,,,,,,,,,,,,,,,,,,,,,,,,,,,,,,,,,,,,,,,,,,,,,,,,,,,,,,,,,,,,,,,,,,,,,,,,,,,,,,,,,,,,,,,,,,,,,,,,,,,,,,,,,,,,,,,,,,,,,,,,,,,,,,,,,,,,,,,,,,,,,,,,,,,,,,,,,,,,,,,,,,,,,,,,,,,,,,1.561265e+01,1.126482e+01,1.343874e+01,3.102767e+01,2.733860e+01,6.989459e+01,4.907773e+01,1.693017e+01,3.583663e+01,3.952569e+01,3.886693e+01,2.081686e+01,3.952569e+01,4.407114e+01,4.927536e+01,3.366271e+01,1.106719e+01,8.893280e+00,9.552042e+00,1.106719e+01,1.258235e+01,8.893280e+00,,,,,,,,,,,,,,,,,,,,,,,,,,,,,,,,,,,,,,,,,,,,,,,,,,,,,,,,,,,,,,,,,,,,,,,,,,,,,,,,,,,,,,,,,,,,,,,,,,,,,,,,,,,,,,,,,,,,,,,,,,,,,,,,,,,,,,,,,,,,,,,,,,,,,,,,,,,,,,,,,,,,,,,,,,,,,,,,,,,,,,,,,,,,,,,,,,,,,,,,,,,,,,,,,,,,,,,,,,,,,,,,,,,,,,,,,,,,,,,,,,,,,,,,,,,,,,,,,,,,,,,,,,,,,,,,,,,,,,,,,,,,,,,,,,,,,,,,,,,,,,,,,,,,,,,,,,,,,,,,,,,,,,,,,,,,,,,,,,,,,,,,,,,,,,,,,,,,,,,,,,,,,,,,,,,,,,,,,,,,,,,,,,,,,,,,,,,,,,,,,,,,,,,,,,,,,,,,,,,,,,,,,,,,,,,,,,,,,,,,,,,,,,,,,,,,,,,,,,,,,,,,,,,,,,,,,,,,,,,,,,
,,,,,,,,,,,,,,,,,,,,,,,,,,,,,,,,,,,,,,,,,,,,,,,,,,,,,,,,,,,,,,,,,,,,,,,,,,,,,,,,,,,,,,,,,,,,,,,,,,,,,,,,,,,,,,,,,,,,,,,,,,,,,,,,,,,,,,,,,,,,,,,,,,,,,,,,,,,,,,,,,,,,,,,,,,,,,,,,,3.030303e+00,3.030303e+00,,,,,,,,,,,,,,,,,,,,,,,,,,,,,,,,,,3.517786e+01,3.320158e+01,4.472991e+01,4.321476e+01,4.545455e+00,4.545455e+00,1.515152e+00,,,,,,,,,,9.552042e+00,3.030303e+00,3.030303e+00,3.030303e+00,,,,,,,,,,,,,,,,,,,,,,,,,,,,,,,,,,,,,,,,,,,,,,,,,,,,,,,,,,,,,,,,,,,,,,,,,,,,,,,,,,,,,,,,,,,,,,,,,,,,,,,,,,,,,,,,,,,,,,,,,,,,,,,,,,,,,,,,,,,,,,,,,,,,,,,,,,,,,,,,,,,,,,,,,,,,,,,,,,,,,,,,,,,,,,,,,,,,,,,,,,,,,,,,,,,,,,,,,,,,,,,,,,,,,,,,,,,,,,,,,,,,,7.378129e+00,4.472991e+01,2.108037e+01,,,,,,,,,,,,,,,,,,,,,,,,,,,,,,,,,,,,,,,,,,,,,,,,,,,,,,,,,,,,,,,,,,,,,,,,,,,,,,,,,,,,,,,,,,,,,,,,,,,,,,,,,,,,,,,,,,,,,,,,,,,,,,,,,,,,,,,,,,,,,,,,,,,,,,,,,,,,,,,,,,,,,,,,,,,,,,,,,,,,,,,,,,,,,,,,,,,,,,,,,,,,,,,,,,,,,,,,,,,,,,,,,,,,,,,,,,,,,,,,,
,,,,,,,,,,,,,,,,,,,,,,,,,,,,,,,,,,,,,,,,,,,,,,,,,,,,,,,,,,,,,,,,,,,,,,,,,,,,,,,,,,,,,,,,,,,,,,,,,,,,,,,,,,,,,,,,,,,,,,,,,,,,,,,,,,,,,,,,,,,,,,,,,,,,,,,,,,,,,,,,,,,,,,,,,,,5.204216e+00,,,7.378129e+00,,,,,,,7.378129e+00,,,1.172596e+01,1.172596e+01,1.172596e+01,2.997365e+01,1.172596e+01,,,,,,,,,,,,5.276680e+01,7.378129e+00,3.030303e+00,,3.030303e+00,,,,,,,,,,1.627141e+01,1.778656e+01,,,,,,,,8.234519e+00,3.030303e+00,3.030303e+00,3.030303e+00,3.030303e+00,,,,,,,,,,,,,,,,,,,,,,,,,,,,,,,,,,,,,,,,,,,,,,,,,,,,,,,,,,,,,,,,,,,,,,,,,,,,,,,,,,,,,,,,,,,,,,,,,,,,,,,,,,,,,,,,,,,,,,,,,,,,,,,,,,,,,,,,,,,,,,,,,,,,,,,,,,,,,,,,,,,,,,,,,,,,,,,,,,,,,,,,,,,,,,,,,,,,,,,,,,,,,,,,,,,,,,,,,,,,,,,,,,,,,,,,,,,,,,,,,,,,2.391304e+01,2.391304e+01,,,,,,,,,,,,,,,,,,,,,,,,,,,,,,,,,,,,,,,,,,,,,,,,,,,,,,,,,,,,,,,,,,,,,,,,,,,,,,,,,,,,,,,,,,,,,,,,,,,,,,,,,,,,,,,,,,,,,,,,,,,,,,,,,,,,,,,,,,,,,,,,,,,,,,,,,,,,,,,,,,,,,,,,,,,,,,,,,,,,,,,,,,,,,,,,,,,,,,,,,,,,,,,,,,,,,,,,,,,,,,,,,,,,,,,,,,,,,,,,,,,,,,,
,,,,,,,,,,,,,,,,,,,,,,,,,,,,,,,,,,,,,,,,,,,,,,,,,,,,,,,,,,,,,,,,,,,,,,,,,,,,,,,,,,,,,,,,,,,,,,,,,,,,,,,,,,,,,,,,,,,,,,,,,,,,,,,,,,,,,,,,,,,,,,,,,,,,,,,,,,,,,,,,,,,,,,,,,,,,,,,,4.347826e+00,4.347826e+00,,,,,,7.378129e+00,7.378129e+00,7.378129e+00,,,1.172596e+01,1.389987e+01,4.993412e+01,4.861660e+01,4.143610e+01,4.255599e+01,4.038208e+01,,3.254282e+01,1.541502e+01,1.324111e+01,,,,,,,,,,,,,,,,,,,,,,,2.364954e+01,1.930171e+01,,,,,,,,,,,,,,,,,,,,,,,,,,,,,,,,,,,,,,,,,,,,,,,,,,,,,,,,,,,,,,,,,,,,,,,,,,,,,,,,,,,,,,,,,,,,,,,,,,,,,,,,,,,,,,,,,,,,,,,,,,,,,,,,,,,,,,,,,,,,,,,,,,,,,,,,,,,,,,,,,,,,,,,,,,,,,,,,,,,,,,,,,,,,,,,,,,,,,,,,,,,,,,,,,,,,,,,,,,,,,,,,,,,,,,,,3.715415e+01,,4.347826e+00,,3.649539e+01,1.739130e+01,,8.036890e+00,2.411067e+01,,,,,,,2.542820e+01,8.893280e+00,,5.862978e+00,8.695652e+00,,6.521739e+00,1.086957e+01,,,1.086957e+01,3.030303e+00,6.521739e+00,4.347826e+00,,,1.976285e+01,3.030303e+00,1.238472e+01,1.541502e+01,1.824769e+01,,,,,,,,,,,,,,,,,,,,,,,,,,,,,,,,,,,,,,,,,,,,,,,,,,,,,,,,,,,,,,,,,,1.515152e+00,,,,,,,,,,,,,,,,,,,,,,,,,,,,,,,,,,,,,,,,,,,,,,,,,,,,,,,,,,,,,,,,,,,,,,,,,,,,,,,,,,,,,,,,,,,,,,,,,,,,,,,,,,,,,,,,,,,,,,,,,,,,,,,,,,,,,,,,,,,,,,,,,,,,,,,,,,,,,,,,,,,,
,,,,,,,,,,,,,,,,,,,,,,,,,,,,,,,,,,,,,,,,,,,,,,,,,,,,,,,,,,,,,,,,,,,,,,,,,,,,,,,,,,,,,,,,,,,,,,,,,,,,,,,,,,,,,,,,,,,,,,,,,,,,,,,,,,,,,,,,,,,,,,,,,,,,,,,,,,,,,,,,,,,,,,,,,,,,,,,,,,,1.976285e+01,8.893280e+00,4.347826e+00,,,,,,3.030303e+00,,,,6.521739e+00,,,,,3.030303e+00,7.378129e+00,,,,,,,,,,,,,,,,,,1.172596e+01,1.021080e+01,4.347826e+00,,,,,,,,,,,,,,,,,,,,,,,,,,,,,,,,,,,,,,,,,,,,,,,,,,,,,,,,,,,,,,,,,,,,,,,,,,,,,,,,,,,,,,,,,,,,,,,,,,,,,,,,,,,,,,,,,,,,,,,,,,,,,,,,,,,,,,,,,,,,,,,,,,,,,,,,,,,,,,,,,,,,,,,,,,,,,,,,,,,,,,,,,,,,,,,,,,,,,,,,,,,,,,,,,,,,,,,,,,,,,,,,,,,,,,,,,,,,,4.387352e+01,4.084322e+01,3.649539e+01,3.866930e+01,,,,,,,,3.629776e+01,1.673254e+01,6.521739e+00,,,,,8.695652e+00,1.086957e+01,,1.021080e+01,,,,,,,,,,,,,,,,,,,,,,,,,,,,,,,,,,,,,,,,,,,,,,,,,,,,,,,,,,,,,,,,,,,,,,,,,,,,,,,,,,,,,,,,,,,,,,,,,,,,,,,,,,,,,,,,,,,,,,,,,,,,,,,,,,,,,,,,,,,,,,,,,,,,,,,,,,,,,,,,,,,,,,,,,,,,,,,,,,,,,,,,,,,,,,,,,,,,,,,,,,,,,,,,,,,,,,,,,,,,,,,,,,,,,,,,,,,,,,,,,,,,
,,,,,,,,,,,,,,,,,,,,,,,,,,,,,,,,,,,,,,,,,,,,,,,,,,,,,,,,,,,,,,,,,,,,,,,,,,,,,,,,,,,,,,,,,,,,,,,,,,,,,,,,,,,,,,,,,,,,,,,,,,,,,,,,,,,,,,,,,,,,,,,,,,,,,,,,,,,,,,,,,,7.378129e+00,,,,,,9.552042e+00,9.552042e+00,7.378129e+00,,,,,,,,,,,,,,,,,,,2.173913e+00,6.521739e+00,,,3.030303e+00,3.030303e+00,,,8.893280e+00,,,,,,,,5.625823e+01,4.018445e+01,1.712780e+01,5.494071e+01,5.928854e+01,6.534914e+01,6.297760e+01,5.862978e+01,,1.106719e+01,8.893280e+00,4.545455e+00,,,,,,,,,,,,,,,,,,,,,,,,,,,,,,,,,,,,,,,,,,,,,,,,,,,,,,,,,,,,,,,,,,,,,,,,,,,,,,,,,,,,,,,,,,,,,,,,,,,,,,,,,,,,,,,,,,,,,,,,,,,,,,,,,,,,,,,,,,,,,,,,,,,,,,,,,,,,,,,,,,,,,,,,,,2.714098e+01,,,,,3.030303e+00,,,,,,,,,,,,,,,,,,,,1.040843e+01,1.258235e+01,,,,,,,,,,,,,,,,,,,,,,,,,,,,,,,,,,,,,,,,,,,,,,,,,,,,,,,,,,,,,,,,,,,,,,,,,,,,,,,,,,,,,,,,,,,,,,,,,,,,,,,,,,,,,,,,,,,,,,,,,,,,,,,,,,,,,1.389987e+01,2.865613e+01,,1.515152e+00,,,,,,,,,,,,,,,,,,,,,,,,,,,,,,,,,,,,,,,,,,,,,,,,,,,,,,,,,,,,,,,,,,,,,,,,,,,,,,,,,,,,,,,,,,,,,,,,,,,,,,,,,,,,,,,,,,,,,,,,,,,,,,,,,,,,,,,,,,,,,,,,,,,,,,,,,,,,,,,,,,,,,,,,,,,
,,,,,,,,,,,,,,,,,,,,,,,,,,,,,,,,,,,,,,,,,,,,,,,,,,,,,,,,,,,,,,,,,,,,,,,,,,,,,,,,,,,,,,,,,,,,,,,,,,,,,,,,,,,,,,,,,,,,,,,,,,,,,,,,,,,,,,,,,,,,,,,,,,,,,,,,,2.173913e+00,,,,,,,,,,,,,,,,,,,,,,9.552042e+00,,,,,,,,5.204216e+00,,1.106719e+01,,,,2.173913e+00,,,,,7.378129e+00,,,,,,,,,,,,1.475626e+01,1.040843e+01,,,,,,,,,,,,,,,,,,,,,,,,,,,,,,,,,,,,,,,,,,,,,,,,,,,,,,,,,,,,,,,,,,,,,,,,,,,,,,,,,,,,,,,,,,,,,,,,,,,,,,,,,,,,,,,,,,,,,,,,,,,,,,,,,,,,,,,,,,,,,,,,,,,,,,,,,,,,,,,,,,,,,,,,,,,,,,,2.496706e+01,,,,,,,,1.238472e+01,,,,,,,,,,,,,,,,,,,,,,,,,,,,,,,,,,,,,,,,,,,,,,,,,,,,,,,,,,,,,,,,,,,,,,,,,,,,,,,,,,,,,,,,,,,,,,,,,,,,,,,,,,,,,,,,,,,,,,,,,,,,,,,,,,,,,,,,,,,,,,,,,,,,,,,,,,,,,,,8.893280e+00,4.545455e+00,1.515152e+00,1.515152e+00,5.862978e+00,,,,,,,,,,,,,,,,,,,,,,,,,,,,,,,,,,,,,,,,,,,,,,,,,,,,,,,,,,,,,,,,,,,,,,,,,,,,,,,,,,,,,,,,,,,,,,,,,,,,,,,,,,,,,,,,,,,,,,,,,,,,,,,,,,,,,,,,,,,,,,,,,,,,,,,,,,,,,,,,,,,,,,
,,,,,,,,,,,,,,,,,,,,,,,,,,,,,,,,,,,,,,,,,,,,,,,,,,,,,,,,,,,,,,,,,,,,,,,,,,,,,,,,,,,,,,,,,,,,,,,,,,,,,,,,,,,,,,,,,,,,,,,,,,,,,,,,,,,,,,,,,,,,,,,,,,,,,,,,2.173913e+00,2.173913e+00,6.521739e+00,6.521739e+00,6.521739e+00,2.173913e+00,6.521739e+00,6.521739e+00,,,,6.521739e+00,6.521739e+00,6.521739e+00,,,,,,,5.204216e+00,,5.204216e+00,9.552042e+00,,,,2.667984e+01,4.710145e+01,2.667984e+01,5.204216e+00,3.030303e+00,3.030303e+00,,3.030303e+00,3.030303e+00,,3.030303e+00,,,,,,3.030303e+00,,,,,,,,,,,,,,1.475626e+01,4.347826e+00,,,,,,,,,,,,,,,,,,,,,,,,,,,,,,,,,,,,,,,,,,,,,,,,,,,,,,,,,,,,,,,,,,,,,,,,,,,,,,,,,,,,,,,,,,,,,,,,,,,,,,,,,,,,,,,,,,,,,,,,,,,,,,,,,,,,,,,,,,,,,,,,,,,,,,,,,,,,,,,,,,,,,,,,,,,2.799736e+01,,1.778656e+01,,,,,1.824769e+01,,4.347826e+00,4.347826e+00,2.562582e+01,,,,,,2.562582e+01,2.562582e+01,1.996047e+01,3.320158e+01,1.343874e+01,,,,,,,,,,,,,,,,,,,,,,,,,,,,,,,,,,,,,,,,,,,,,,,,,,,,,,,,,,,,,,,,,,,,,,,,,,,,,,,,,,,,,,,,,,,,,,,,,,,,,,,,,,,,,,,,,,,,,,,,,,,,,,,,,,,,,,,,,,,,,,,,,,,,,,,,,,,,,,,,,,,,,,,1.515152e+01,1.515152e+00,,,,,,,,,,,,,,,,,,,,,,,,,,,,,,,,,,,,,,,,,,,,,,,,,,,,,,,,,,,,,,,,,,,,,,,,,,,,,,,,,,,,,,,,,,,,,,,,,,,,,,,,,,,,,,,,,,,,,,,,,,,,,,,,,,,,,,,,,,,,,,,,,,,,,
,,,,,,,,,,,,,,,,,,,,,,,,,,,,,,,,,,,,,,,,,,,,,,,,,,,,,,,,,,,,,,,,,,,,,,,,,,,,,,,,,,,,,,,,,,,,,,,,,,,,,,,,,,,,,,,,,,,,,,,,,,,,,,,,,,,,,,,,,,,,,,,,,,,,,,,,,,,,,6.521739e+00,6.521739e+00,6.521739e+00,6.521739e+00,,,,9.552042e+00,9.552042e+00,6.521739e+00,6.521739e+00,7.378129e+00,,,,,,,,3.030303e+00,3.030303e+00,6.060606e+00,,3.030303e+00,,3.030303e+00,,,3.030303e+00,,3.030303e+00,3.030303e+00,5.204216e+00,3.030303e+00,3.030303e+00,3.030303e+00,,,3.030303e+00,,,,,,,,,,,4.558630e+01,5.296442e+01,2.127800e+01,,,,,,,,,,,,,,,,,,,,,,,,,,,,,,,,,,,,,,,,,,,,,,,,,,,,,,,,,,,,,,,,,,,,,,,,,,,,,,,,,,,,,,,,,,,,,,,,,,,,,,,,,,,,,,,,,,,,,,,,,,,,,,,,,,,,,,,,,,,,,,,,,,,,,,,,,,,,,,,,,,,,,,,,,,,,,,,,,,2.733860e+01,1.389987e+01,,,,1.824769e+01,2.173913e+00,,,,,2.562582e+01,,,,3.030303e+00,3.017128e+01,,,,,,,,,,,,,,,,,,,,,,,,,,,,,,,,,,,,,,,,,,,,,,,,,,,,,,,,,,,,,,,,,,,,,,,,,,,,,,,,,,,,,,,,,,,,,,,,,,,,,,,,,,,,,,,,,,,,,,,,,,,,,,,,,,,,,,,,,,,,,,,,,,,,,,,,,,,,,,1.693017e+01,6.521739e+00,,,2.733860e+01,2.733860e+01,1.277997e+01,1.429513e+01,,,,,,,,,,,,,,,,,,,,,,,,,,,,,,,,,,,,,,,,,,,,,,,,,,,,,,,,,,,,,,,,,,,,,,,,,,,,,,,,,,,,,,,,,,,,,,,,,,,,,,,,,,,,,,,,,,,,,,,,,,,,,,,,,,,,,,,,,,,,,,,,,,,,,,,,
,,,,,,,,,,,,,,,,,,,,,,,,,,,,,,,,,,,,,,,,,,,,,,,,,,,,,,,,,,,,,,,,,,,,,,,,,,,,,,,,,,,,,,,,,,,,,,,,,,,,,,,,,,,,,,,,,,,,,,,,,,,,,,,,,,,2.173913e+00,,,2.173913e+00,2.173913e+00,2.173913e+00,2.173913e+00,2.173913e+00,2.173913e+00,,,,,,,,,2.173913e+00,,,,,,,2.173913e+00,2.173913e+00,2.173913e+00,,,,,,,,,,,9.552042e+00,5.204216e+00,7.378129e+00,7.378129e+00,5.204216e+00,,,,,,,,,,,,5.204216e+00,,5.204216e+00,,,,,,,,,,,,,,,,,3.030303e+00,,,,,,,,,,,,,,,,,,,,,,,,,,,,,,,,,,,,,,,,,,,,,,,,,,,,,,,,,,,,,,,,,,,,,,,,,,,,,,,,,,,,,,,,,,,,,,,,,,,,,,,,,,,,,,,,,,,,,,,,,,,,,,,,,,,,,,,,,,,,,,,,,,,,,,,,,,,,,,,,,,,,,,,,,,,,,,,,,,,,,,,,,,,,,,,,2.450593e+01,,,,,,,,1.495389e+01,1.646904e+01,1.930171e+01,1.515152e+00,,,,,,,,,,,,,,,,,,,,,,,,,,,,,,,,,,,,,,,,,,,,,,,,,,,,,,,,,,,,,,,,,,,,,,,,,,,,,,,,,,,,,,,,,,,,,,,,,,,,,,,,,,,,,,,,,,,,,,,,,,,,,,,,,,,,,,,,,,,,,,,,,,,,,,,,,,,,,,,,,,,,,,,,,,,,,,,,,,,,,,,,,,,,,,,,,,,,,,,,,,,,,,,,,,,,,,,,,,,,,,,,,,,,,,,,,,,,,,,,,,,,,,,,,,,,,,,,,,,,,,,,,,,,,,,,,,,,,,,,,,,,,,,,,,,,,,,,,,,,,,,,,,,,,,,,,
,,,,,,,,,,,,,,,,,,,,,,,,,,,,,,,,,,,,,,,,,,,,,,,,,,,,,,,,,,,,,,,,,,,,,,,,,,,,,,,,,,,,,,,,,,,,,,,,,,,,,,,,,,,,,,,,,,,,,,,,,1.021080e+01,9.552042e+00,8.036890e+00,1.021080e+01,1.021080e+01,1.021080e+01,6.521739e+00,,,,,,,,,,,,,,,,,,,,,,6.521739e+00,6.521739e+00,,,,,,,,,,,,,,,,,,,,,,,,,,,,,2.173913e+00,,,,,,,,,,,,,,,,,,,,,,,,,,,,,,,,,,,,,,,,,,,,,,,,,,,,,,,,,,,,,,,,,,,,,,,,,,,,,,,,,,,,,,,,,,,,,,,,,,,,,,,,,,,,,,,,,,,,,,,,,,,,,,,,,,,,,,,,,,,,,,,,,,,,,,,,,,,,,,,,,,,,,,,,,,,,,,,,,,,,,,,,,,,,,,,,,,,,,,,,,,,,,,,,,,6.719368e+00,2.582345e+01,,,,3.754941e+01,,,,,,,,,,,,,,,,,,,,,,,,,,,,,,,,,,,,,,,,,,,,,,,,,,,,,,,,,,,,,,,,,,,,,,,,,,,,,,,,,,,,,,,,,,,,,,,,,,,,,,,,,,,,,,,,,,,,,,,,,,,,,,,,,,,,,,,,,,,,,,,,,,,,,,,,,,,,,,,,,,,,,,,,,,2.496706e+01,2.411067e+01,2.799736e+01,2.582345e+01,2.496706e+01,2.799736e+01,2.733860e+01,,,,,,,,,,,,,,,,,,,,,,,,,,,,,,,,,,,,,,,,,,,,,,,,,,,,,,,,,,,,,,,,,,,,,,,,,,,,,,,,,,,,,,,,,,,,,,,,,,,,,,,,,,,,,,,,,,,,,,,,,,,,,,,,,,,,,,,,,,,,,,,,,,,,,
,,,,,,,,,,,,,,,,,,,,,,,,,,,,,,,,,,,,,,,,,,,,,,,,,,,,,,,,,,,,,,,,,,,,,,,,,,,,,,,,,,,,,,,,,,,,,,,,,,,,,,,,,,,,,,,,,,,,,,,1.021080e+01,1.021080e+01,8.036890e+00,9.552042e+00,,7.378129e+00,5.862978e+00,8.036890e+00,7.378129e+00,,,,8.036890e+00,8.036890e+00,,,,,,,,,2.173913e+00,2.173913e+00,,,,,,,,,,,,,,,,2.173913e+00,,,,,,,,9.552042e+00,9.552042e+00,9.552042e+00,6.521739e+00,6.521739e+00,4.347826e+00,2.173913e+00,,,,,,,2.173913e+00,2.173913e+00,2.173913e+00,2.173913e+00,2.173913e+00,,,,3.030303e+00,,,4.347826e+00,,3.030303e+00,,,,,5.862978e+00,,,,,,,,,,,,,,,,,,,,,,,,,,,,,,,,,,,,,,,,,,,,,,,,,,,,,,,,,,,,,,,,,,,,,,,,,,,,,,,,,,,,,,,,,,,,,,,,,,,,,,,,,,,,,,,,,,,,,,,,,,,,,,,,,,,,,,,,,,,,,,,,,,,,,,,,,,,,,,,,,,,,,,,,,,,,,,,,,,,,,,,,,,,,,,,,,,,,3.451910e+01,,,,,,,,,,,,,,,,,,,,,,,,,,,,,,,,,,,,,,,,,,,,,,,,,,,,,,,,,,,,,,,,,,,,,,,,,,,,,,,,,,,,,,,,,,,,,,,,,,,,,,,4.321476e+01,4.604743e+01,,,,,,,,,,,,,,,,,,,,,,,,,,,,,,,,,,,,,,,,,,,,,,,,,,,,,,,,,,,,,,,,,1.693017e+01,2.345191e+01,2.345191e+01,3.083004e+01,2.865613e+01,2.865613e+01,2.648221e+01,2.430830e+01,2.865613e+01,2.061924e+01,1.844532e+01,2.582345e+01,,,,,,,,,1.106719e+01,,,,,,,,,,,,,,,,,,,,,,,,,,,,,,,,,,,,,,,,,,,,,,,,,,,,,,,,,,,,,,,,,,,,,,,,,,,,,,,,,,,,,,,,,,,,,,,,,,,,,,,,,,,,,,,,,,,,,,,,,,,,,,,,,,,,,,,,,
,,,,,,,,,,,,,,,,,,,,,,,,,,,,,,,,,,,,,,,,,,,,,,,,,,,,,,,,,,,,,,,,,,,,,,,,,,,,,,,,,,,,,,,,,,,,,,,,,,,,,,,,,,,,,,,,,,,4.347826e+00,6.521739e+00,6.521739e+00,6.521739e+00,1.021080e+01,1.172596e+01,8.036890e+00,,,,,,,5.862978e+00,5.862978e+00,8.036890e+00,3.689065e+00,,8.036890e+00,,,,,,,5.204216e+00,2.173913e+00,2.173913e+00,5.204216e+00,,,,,,,,,6.521739e+00,2.173913e+00,2.173913e+00,,2.173913e+00,2.173913e+00,,2.173913e+00,6.521739e+00,9.552042e+00,9.552042e+00,9.552042e+00,9.552042e+00,,,,,2.173913e+00,,,2.173913e+00,,2.173913e+00,2.173913e+00,2.173913e+00,2.173913e+00,2.173913e+00,2.173913e+00,2.173913e+00,2.173913e+00,,,,,,,,,,,,,,,,,,3.030303e+00,,,,,,,,,,,,,,,,,,,,,,,,,,,,,,,,,,,,,,,,,,,,,,,,,,,,,,,,,,,,,,,,,,,,,,,,,,,,,,,,,,,,,,,,,,,,,,,,,,,,,,,,,,,,,,,,,,,,,,,,,,,,,,,,,,,,,,,,,,,,,,,,,,,,,,,,,,,,,,,,,,,,,,,,,,,,,,,,,,,,,,,,,,,,,,,,,,,,,,,,,,,,,,,,,,,,,,,,,,,,,,,,,,,,,,,,,,,,,,,,,,,,,,,,,,,,,,,,,,,,,,,,,,,,,,,,,,,,,,,,,,,,,,,,,,,,,,,,3.866930e+01,3.063241e+01,,,,,,,,,,,,,,,,,,,,,,,,,,,,,,,,,,,,,,,,,,,,,,,,,,,,,,,1.758893e+01,1.172596e+01,,,,,,,1.021080e+01,1.824769e+01,1.824769e+01,2.345191e+01,2.345191e+01,2.193676e+01,2.345191e+01,2.865613e+01,2.582345e+01,2.345191e+01,1.106719e+01,1.475626e+01,1.409750e+01,1.106719e+01,2.061924e+01,1.409750e+01,1.409750e+01,1.409750e+01,1.409750e+01,9.749670e+00,3.339921e+01,1.844532e+01,3.689065e+00,9.749670e+00,2.193676e+01,3.689065e+00,,2.173913e+00,,,,,,,,,,,,,,,,,,,,,,,,,,,,,,,,,,,,,,,,,,,,,,,,,,,,,,,,,,,,,,,,,,,,,,,,,,,,,,,,,,,,,,,,,,,,,,,,,,,,,,,,,,,,,,,,,,,,,,,,,,,,,,,,,,,,,
,,,,,,,,,,,,,,,,,,,,,,,,,,,,,,,,,,,,,,,,,,,,,,,,,,,,,,,,,,,,,,,,,,,,,,,,,,,,,,,,,,,,,,,,,,,,,,,,,,,,,,,,,,,,,,,,,,,,,,,,,,9.552042e+00,6.521739e+00,,,5.204216e+00,5.204216e+00,5.204216e+00,1.040843e+01,8.893280e+00,5.862978e+00,5.862978e+00,5.862978e+00,6.521739e+00,6.521739e+00,6.521739e+00,,,,,,6.521739e+00,6.521739e+00,5.204216e+00,7.378129e+00,9.552042e+00,6.521739e+00,2.173913e+00,,,,,8.695652e+00,,,6.521739e+00,,1.086957e+01,1.086957e+01,9.552042e+00,9.552042e+00,9.552042e+00,9.552042e+00,,,,,,,,,,,,,9.552042e+00,2.173913e+00,5.204216e+00,9.552042e+00,1.172596e+01,5.204216e+00,,,,,,,,,,,,,,,,,,,,,,,,,,,,,,,,,,,,,,,,,,,,,,,,,,,,,,,,,,,,,,,,,,,,,,,,,,,,,,,,,,,,,,,,,,,,,,,,,,,,,,,,,,,,,,,,,,,,,,,,,,,,,,,,,,,,,,,,,,,,,,,,,,,,,,,,,,,,,,,,,,,,,,,,,,,,,,,,,,,,,,,,,,,,,,,,,,,,,,,,,,,,,,,,,,,,,,,,,,,,,,,,,,,,,,,,,,,,,,,,,,,,,,,,,,,,,,,,,,,,,,,,,,,,,,,,,,,,,,,,,,,,,,,,,,,,,,,,,,,,,,,,,,,,,,,,,,,,,,,,,,,,,,,,,,,,,,,,,,,,,,,,,,,,,,,,,,,,,,,,,,,,8.695652e+00,8.695652e+00,2.562582e+01,2.562582e+01,1.890646e+01,1.890646e+01,2.345191e+01,1.910408e+01,2.345191e+01,3.148880e+01,3.366271e+01,2.931489e+01,2.931489e+01,2.931489e+01,2.345191e+01,2.061924e+01,2.496706e+01,2.061924e+01,2.061924e+01,2.061924e+01,2.931489e+01,2.582345e+01,2.582345e+01,2.364954e+01,1.758893e+01,1.541502e+01,1.106719e+01,1.996047e+01,2.733860e+01,2.430830e+01,9.749670e+00,1.712780e+01,1.343874e+01,3.102767e+01,2.667984e+01,2.885376e+01,1.495389e+01,2.081686e+01,6.719368e+00,1.996047e+01,6.719368e+00,6.719368e+00,1.040843e+01,,,,,,,,,,,,,,,,,,,,,,,,,,,,,,,,,,,,,,,,,,,,4.545455e+00,,,8.893280e+00,,,1.126482e+01,5.204216e+00,1.106719e+01,1.126482e+01,,,,5.816864e+01,2.924901e+01,2.035573e+01,1.732543e+01,2.404480e+01,,,,,,,,,,,,,,,,,,,,,,,,,,,,,,,,,,,,,,,,,,,,,,,,,,,,,,,,,,,,,,,,,,,,,,,
,,,,,,,,,,,,,,,,,,,,,,,,,,,,,,,,,,,,,,,,,,,,,,,,,,,,,,,,,,,,,,,,,,,,,,,,,,,,,,,,,,,,,,,,,,,,,,,,,,,,,,,,,,,,,,,,,,,,,,,,,,,,,1.106719e+01,1.106719e+01,5.204216e+00,5.204216e+00,5.204216e+00,5.204216e+00,1.106719e+01,6.521739e+00,6.521739e+00,8.036890e+00,6.521739e+00,6.521739e+00,1.106719e+01,8.036890e+00,6.521739e+00,6.521739e+00,6.521739e+00,1.106719e+01,5.204216e+00,1.324111e+01,1.106719e+01,1.106719e+01,1.106719e+01,,,,1.541502e+01,1.324111e+01,,,,,,,8.036890e+00,1.238472e+01,9.552042e+00,9.552042e+00,9.552042e+00,,,,,1.693017e+01,1.258235e+01,1.475626e+01,1.258235e+01,1.258235e+01,,,1.607378e+01,1.172596e+01,8.036890e+00,6.521739e+00,1.172596e+01,6.521739e+00,6.521739e+00,1.172596e+01,9.552042e+00,,,,,,,,1.910408e+01,3.886693e+01,,,,,,,,3.451910e+01,,,,,,,,,,,,,,,,,,,,,,,,,,,,,,,,,,,,,,,,,,,,,,,,,,,,,,,,,,,,,,,,,,,,,,,,,,,,,,,,,,,,,,,,,,,,,,,,,,,,,,,,,,,,,,,,,,,,,,,,,,,,,,,,,,,,,,,,,,,,,,,,,,,,,,,,,,,,,,,,,,,,,,,,,,,,,,,,,,,,,,,,,,,,,,,,,,,,,,,,,,,,,,,,,,,,,,,,,,,,,,,,,,,,,,,,,,,,,,,,,,,,,,,,,,,,,,,,,,,,,,,,,,,,,,,,,,,,,,,,5.362318e+01,4.973650e+01,,,,,,,,,,,,,,,,,,,,,,,,,,,,,,,,,,,,,,,,,,,,,,,,,,,,,,,,8.695652e+00,8.695652e+00,8.695652e+00,1.304348e+01,8.695652e+00,1.304348e+01,2.259552e+01,2.193676e+01,2.193676e+01,2.193676e+01,2.193676e+01,2.193676e+01,1.976285e+01,1.389987e+01,2.628458e+01,2.694335e+01,1.910408e+01,1.607378e+01,1.910408e+01,1.910408e+01,2.496706e+01,1.910408e+01,2.279315e+01,1.409750e+01,1.627141e+01,1.844532e+01,2.279315e+01,1.409750e+01,1.844532e+01,2.279315e+01,2.061924e+01,2.430830e+01,2.582345e+01,3.017128e+01,3.017128e+01,8.234519e+00,6.719368e+00,8.234519e+00,2.279315e+01,4.104084e+01,3.886693e+01,1.778656e+01,2.213439e+01,1.778656e+01,1.646904e+01,2.516469e+01,2.450593e+01,1.495389e+01,4.545455e+00,6.060606e+00,,,,,,,,,,,,,,,,,,,,,,,,,,,,,,,,,,,,,,,,,,,,,,,,8.893280e+00,7.575758e+00,9.090909e+00,8.893280e+00,1.192358e+01,9.090909e+00,9.090909e+00,,,,3.030303e+00,9.090909e+00,2.035573e+01,2.035573e+01,2.167325e+01,3.208169e+01,,,,3.359684e+01,3.142292e+01,2.187088e+01,3.557312e+01,,4.189723e+01,,,,,,,,,,,,,,,,,,,,,,,,,,,,,,,,,,,,,,,,,,,,,,,,,,,,,,,,,,,,,
,,,,,,,,,,,,,,,,,,,,,,,,,,,,,,,,,,,,,,,,,,,,,,,,,,,,,,,,,,,,,,,,,,,,,,,,,,,,,,,,,,,,,,,,,,,,,,,,,,,,,,,,,,,,,,,,,,,,,,,,,,,,,,,,,,,,1.910408e+01,1.910408e+01,1.910408e+01,1.541502e+01,1.106719e+01,1.106719e+01,1.106719e+01,,,,,,,,,,,,,,,,,,,,,,,,,,,,,,,,2.042161e+01,2.042161e+01,1.910408e+01,,,,2.345191e+01,1.172596e+01,1.910408e+01,1.172596e+01,6.521739e+00,8.695652e+00,2.496706e+01,1.607378e+01,2.173913e+00,2.173913e+00,,,,,,8.036890e+00,1.673254e+01,,,,,,,2.714098e+01,,,,,,,,,,,,,,,,,,,,,,,,,,,,,,,,,,,,,,,,,,,,,,,,,,,,,,,,,,,,,,,,,,,,,,,,,,,,,,,,,,,,,,,,,,,,,,,,,,,,,,,,,,,,,,,,,,,,,,,,,,,,,,,,,,,,,,,,,,,,,,,,,,,,,,,,,,,,,,,,,,,,,,,,,,,,,,,,,,,,,,,,,,,,,,,,,,,,,,,,,,,,,,,,,,,,,,,,,,,,,,,,,,,,,,,,,,,,,,,,,,,,,,,,,,,,,,,,,,,,,,,,,,,,,,,,,,,,,,4.169960e+01,2.193676e+01,7.378129e+00,3.689065e+00,,,,,,,,,,,,,,,,,,,,,,,,,,,,,,,,,,,,,,,,,,,,,,,,,,,,1.086957e+01,,1.086957e+01,1.086957e+01,1.086957e+01,1.304348e+01,1.086957e+01,8.695652e+00,1.086957e+01,1.086957e+01,1.086957e+01,1.086957e+01,1.086957e+01,1.086957e+01,1.086957e+01,1.086957e+01,1.304348e+01,1.304348e+01,1.304348e+01,1.389987e+01,1.389987e+01,2.496706e+01,2.562582e+01,2.714098e+01,2.714098e+01,2.714098e+01,1.910408e+01,2.279315e+01,1.258235e+01,6.060606e+00,1.258235e+01,1.258235e+01,1.475626e+01,1.475626e+01,2.931489e+01,2.430830e+01,1.106719e+01,1.409750e+01,1.409750e+01,2.213439e+01,2.061924e+01,8.234519e+00,1.515152e+00,3.030303e+00,1.515152e+00,1.515152e+00,1.515152e+00,1.515152e+00,1.515152e+00,,3.030303e+00,1.515152e+00,,,,,,,,,,,,,,,,,,,,,,,,,,,,,,,,,,,,,,,,,,,,,,,,,,,,,,,,,,,,,,,,,,,,,,,,,,4.341238e+01,4.123847e+01,,,,,,,,,,,,,,,,,,,,,,,,,,,,,,,,,,,,,,,,,,,,,,,,,,,,,,,,,,,,,
,,,,,,,,,,,,,,,,,,,,,,,,,,,,,,,,,,,,,,,,,,,,,,,,,,,,,,,,,,,,,,,,,,,,,,,,,,,,,,,,,,,,,,,,,,,,,,,,,,,,,,,,,,,,,,,2.648221e+01,1.409750e+01,1.409750e+01,1.778656e+01,3.689065e+00,3.689065e+00,4.545455e+00,8.234519e+00,6.719368e+00,,,,1.106719e+01,1.475626e+01,,,,,,,,,,,,,,,,,,,,,,,,,,,,,,,,,,,,,,,,,,,,,,,,,,,,,,,,,,,,,,,,,,,,,,,,,,,,,,,,,,,,,,,,,,,,,,,,,,,,,,,,,,,,,,,,,,,,,,,,,,,,,,,,,,,,,,,,,,,,,,,,,,,,,,,,,,,,,,,,,,,,,,,,,,,,,,,,,,,,,,,,,,,,,,,,,,,,,,,,,,,,,,,,,,,,,,,,,,,,,,,,,,,,,,,,,,,,,,,,,,,,,,,,,,,,,,,,,,,,,,,,,,,,,,,,,,,,,,,,,,,,,,,,,,,,,,,,,,,,,,,,,,,,,,,,,,,,,,,,,,,,,,,,,,,,,,,,,,,,,,,,,,,,,,,,3.030303e+00,,,,,,,,,,,,,,,,,,,,,,,,,,,,,,,,,,,,,,,,,,,,,,,,,,,,,,,,,6.521739e+00,6.521739e+00,1.304348e+01,1.086957e+01,1.304348e+01,1.304348e+01,1.086957e+01,1.086957e+01,1.086957e+01,,1.086957e+01,1.086957e+01,1.086957e+01,1.086957e+01,1.086957e+01,1.304348e+01,1.739130e+01,1.739130e+01,2.345191e+01,2.562582e+01,3.498024e+01,3.498024e+01,2.562582e+01,1.910408e+01,2.345191e+01,1.475626e+01,9.552042e+00,7.378129e+00,7.378129e+00,4.347826e+00,4.347826e+00,4.347826e+00,6.521739e+00,7.378129e+00,5.862978e+00,1.106719e+01,1.778656e+01,2.430830e+01,2.430830e+01,1.409750e+01,3.030303e+00,6.719368e+00,6.719368e+00,1.192358e+01,6.719368e+00,6.719368e+00,6.719368e+00,,,,9.749670e+00,3.030303e+00,,,,,,,,,,,,,,,,,,,,,,,,,,,,,,,,,,,,,,,,,,,,,,,,,,,,,,,,,4.545455e+00,,,,,,,,,,,,,,,,,,,,,,,,,,,,,,,,,,,,,,,,,,,,,,,,,,,,,,,,,,,,,,,,,,,,,,,,,,,,,,
,,,,,,,,,,,,,,,,,,,,,,,,,,,,,,,,,,,,,,,,,,,,,,,,,,,,,,,,,,,,,,,,,,,,,,,,,,,,,,,,,,,,,,,,,,,,,,,,,,,,,,,,,,,,,,,,,1.758893e+01,1.541502e+01,1.541502e+01,1.475626e+01,1.475626e+01,1.475626e+01,1.475626e+01,2.061924e+01,2.061924e+01,2.061924e+01,2.364954e+01,1.475626e+01,2.061924e+01,1.930171e+01,1.930171e+01,,,,,,,,,,,,,,,,,,,,,,2.496706e+01,,,,,,,,,2.061924e+01,2.061924e+01,2.279315e+01,,2.345191e+01,1.086957e+01,2.345191e+01,1.086957e+01,,,,1.910408e+01,2.213439e+01,1.910408e+01,1.910408e+01,1.910408e+01,1.910408e+01,2.279315e+01,1.824769e+01,2.259552e+01,2.259552e+01,,,,,,,4.189723e+01,4.189723e+01,4.189723e+01,4.038208e+01,4.038208e+01,,,,,,,,,4.038208e+01,,,,,,,,,,,,,,,,,,,,,,,,,,,,,,,,,,,,,,,,,,,,,,,,,,,,,,,,,,,,,,,,,,,,,,,,,,,,,,,,,,,,,,,,,,,,,,,,,,,,,,,,,,,,,,,,,,,,,,,,,,,,,,,,,,,,,,,,,,,,,,,,,,,,,,,,,,,,,,,,,,,,,,,,,,,,,,,,,,,,,,,,,,,,,,,,,,,,,,,,,,,,,,,,,,,,,,,,,,,,,,,,,,,,,,,,,,,,,,,,,,,,,,,,,,,,,,,,,,,,,,,,,,,,,3.030303e+00,3.030303e+00,3.030303e+00,,,3.735178e+01,7.378129e+00,7.378129e+00,3.030303e+00,,,,,,,,,,,,,,,,,,,,,,,,,,,,,,,,,,,,,,,,,,,,,,,,,,,,,,,,8.036890e+00,6.521739e+00,8.036890e+00,,,9.552042e+00,1.455863e+01,1.238472e+01,1.304348e+01,1.086957e+01,1.086957e+01,1.021080e+01,1.238472e+01,4.347826e+00,2.173913e+00,2.173913e+00,4.347826e+00,2.173913e+00,7.378129e+00,4.347826e+00,5.204216e+00,5.204216e+00,2.173913e+00,2.173913e+00,2.173913e+00,2.173913e+00,2.173913e+00,2.173913e+00,1.515152e+00,1.515152e+00,1.515152e+00,1.515152e+00,1.515152e+00,3.030303e+00,3.030303e+00,8.234519e+00,8.234519e+00,8.234519e+00,1.258235e+01,9.552042e+00,9.552042e+00,5.204216e+00,9.552042e+00,7.378129e+00,8.893280e+00,7.378129e+00,,,5.204216e+00,8.893280e+00,,5.204216e+00,,,,3.030303e+00,,,,,,,,,,,,,,,,,,,,,,4.545455e+00,,,,,,,,,,,,,,,,,,,,,,,,,,,,,,,,,,5.862978e+00,7.378129e+00,7.378129e+00,6.719368e+00,,,,,,,,,,,,,,,,,,,,,,,,,,,,,,,,,,,,,,,,,,,,,,,,,,,,,,,,,,,,,,,,,,,,,,,,,,
,,,,,,,,,,,,,,,,,,,,,,,,,,,,,,,,,,,,,,,,,,,,,,,,,,,,,,,,,,,,,,,,,,,,,,,,,,,,,,,,,,,,,,,,,,,,,,,,,,,,,,,,,,,,,,,2.127800e+01,1.976285e+01,1.976285e+01,1.541502e+01,1.541502e+01,2.061924e+01,1.627141e+01,1.627141e+01,2.061924e+01,2.364954e+01,2.364954e+01,2.364954e+01,2.364954e+01,2.147563e+01,2.147563e+01,2.299078e+01,,,3.017128e+01,3.017128e+01,2.931489e+01,,,,,,,,,,,,,3.254282e+01,,3.017128e+01,,2.648221e+01,2.648221e+01,2.799736e+01,,,,,,,,,2.213439e+01,2.430830e+01,2.193676e+01,2.193676e+01,2.345191e+01,,,,,,1.910408e+01,1.389987e+01,1.607378e+01,1.910408e+01,2.127800e+01,2.127800e+01,2.127800e+01,2.648221e+01,,,,,,3.820817e+01,3.083004e+01,1.607378e+01,1.607378e+01,2.193676e+01,2.648221e+01,,,3.300395e+01,,1.021080e+01,,,,,,,,6.521739e+00,,5.362318e+01,,,,1.515152e+00,,,,,,,,,,,,,,,,,,,,,,,,,,,,,,,,,,,,,,,,,,,,,,,,,,,,,,,,,,,,,,,,,,,,,,,,,,,,,,,,,,,,,,,,,,,,,,,,,,,,,,,,,,,,,,,,,,,,,,,,,,,,,,,,,,,,,,,,,,,,,,,,,,,,,,,,,,,,,,,,,,,,,,,,,,,,,,,,,,,,,,,,,,,,,,,,,,,,,,,,,,,,,,,,,,,,,,,,,,,,,,,,,,,,,,,,,,,,,,,,,,,,,,,,,,,,,,,,,,,,,1.515152e+00,,,7.378129e+00,7.378129e+00,,,,,,,,,,,,,,,,,,,,,,,,,,,,,1.021080e+01,1.021080e+01,1.172596e+01,,,,,,,,,,,,,,,,,,,1.607378e+01,2.411067e+01,2.042161e+01,9.552042e+00,9.552042e+00,9.552042e+00,8.036890e+00,1.824769e+01,9.552042e+00,6.521739e+00,6.521739e+00,6.521739e+00,6.521739e+00,4.347826e+00,4.347826e+00,5.862978e+00,1.515152e+00,1.515152e+00,1.515152e+00,1.515152e+00,1.515152e+00,1.515152e+00,3.689065e+00,,,,,,,,,,2.173913e+00,2.173913e+00,2.173913e+00,2.173913e+00,2.173913e+00,2.173913e+00,1.515152e+00,1.515152e+00,1.515152e+00,1.515152e+00,1.515152e+00,1.515152e+00,1.515152e+00,3.689065e+00,5.204216e+00,5.204216e+00,5.204216e+00,1.515152e+00,5.204216e+00,,,,,,5.204216e+00,5.204216e+00,5.204216e+00,5.204216e+00,7.378129e+00,3.030303e+00,8.893280e+00,9.749670e+00,9.749670e+00,5.204216e+00,,4.545455e+00,6.060606e+00,4.545455e+00,4.545455e+00,4.545455e+00,4.545455e+00,4.545455e+00,4.545455e+00,6.060606e+00,,,,,,,,,,,1.515152e+00,6.060606e+00,6.060606e+00,6.060606e+00,4.545455e+00,3.030303e+00,6.060606e+00,3.030303e+00,3.030303e+00,1.515152e+00,,,,,,,,,,,,,,,,,,,,,,,,,,,,,8.893280e+00,3.030303e+00,,,,,,,,,,,,,,,,,,,,,,,,,,,,,,,,,,,,,,,,,,,,,,,,,,,,,,,,,,,,,,,,,,,,,,,,,
,,,,,,,,,,,,,,,,,,,,,,,,,,,,,,,,,,,,,,,,,,,,,,,,,,,,,,,,,,,,,,,,,,,,,,,,,,,,,,,,,,,,,,,,,,,,,,,,,,,,,,,,,,,,,,1.172596e+01,1.824769e+01,2.193676e+01,1.976285e+01,1.541502e+01,1.541502e+01,1.910408e+01,2.061924e+01,2.061924e+01,2.061924e+01,2.364954e+01,2.582345e+01,2.364954e+01,,,2.582345e+01,2.582345e+01,2.582345e+01,2.951252e+01,1.930171e+01,1.930171e+01,,,2.582345e+01,2.364954e+01,2.582345e+01,3.102767e+01,,,,2.799736e+01,2.799736e+01,,,3.254282e+01,2.799736e+01,2.951252e+01,2.865613e+01,2.648221e+01,,,,,,,2.061924e+01,2.213439e+01,,1.910408e+01,2.364954e+01,2.364954e+01,2.799736e+01,2.496706e+01,2.496706e+01,2.496706e+01,2.648221e+01,,,,2.648221e+01,2.648221e+01,,,,3.102767e+01,2.648221e+01,,,,,,3.972332e+01,2.931489e+01,3.083004e+01,3.300395e+01,3.517786e+01,4.169960e+01,,,3.300395e+01,3.300395e+01,2.562582e+01,4.347826e+00,,,,,,2.173913e+00,2.714098e+01,,,,,,,,,,,,,,,,,,,,,,,,,,,,,,,,,,,,,,,,,,,,,,,,,,,,,,,,,,,,,,,,,,,,,,,,,,,,,,,,,,,,,,,,,,,,,,,,,,,,,,,,,,,,,,,,,,,,,,,,,,,,,,,,,,,,,,,,,,,,,,,,,,,,,,,,,,,,,,,,,,,,,,,,,,,,,,,,,,,,,,,,,,,,,,,,,,,,,,,,,,,,,,,,,,,,,,,,,,,,,,,,,,,,,,,,,,,,,,,,,,,,,,,,,,,,,,,,,,,,,,,,,,1.515152e+00,1.515152e+00,1.515152e+00,3.030303e+00,7.378129e+00,7.378129e+00,,,,,,,,,,,,,,,,,,,,,,,,,,,,7.378129e+00,4.347826e+00,5.862978e+00,4.347826e+00,4.347826e+00,4.347826e+00,4.347826e+00,,,,,,5.862978e+00,,,,,,,,8.893280e+00,,,,9.552042e+00,1.607378e+01,1.172596e+01,9.552042e+00,9.552042e+00,9.552042e+00,7.378129e+00,5.862978e+00,,4.347826e+00,4.347826e+00,4.347826e+00,,,1.515152e+00,1.515152e+00,1.515152e+00,1.515152e+00,1.515152e+00,1.515152e+00,1.515152e+00,1.515152e+00,,,,,2.173913e+00,2.173913e+00,,,,,,,,,1.515152e+00,1.515152e+00,1.515152e+00,1.515152e+00,1.515152e+00,1.515152e+00,1.515152e+00,1.515152e+00,,,,,,,,,,1.515152e+00,5.204216e+00,1.515152e+00,1.515152e+00,1.515152e+00,5.204216e+00,3.689065e+00,5.862978e+00,5.862978e+00,,,,1.515152e+00,1.515152e+00,6.060606e+00,6.060606e+00,6.060606e+00,6.060606e+00,4.545455e+00,6.060606e+00,3.030303e+00,9.090909e+00,9.090909e+00,9.090909e+00,9.090909e+00,7.575758e+00,7.575758e+00,7.575758e+00,1.212121e+01,7.575758e+00,3.030303e+00,3.030303e+00,3.030303e+00,6.060606e+00,6.060606e+00,1.515152e+00,3.030303e+00,6.060606e+00,6.060606e+00,7.575758e+00,7.575758e+00,3.030303e+00,3.030303e+00,1.515152e+00,,,,,,,,,,,,,,,,,,,,,,,,1.515152e+00,,,,,,,,,,,,,,,,,,,,,,,,,,,,,,,,,,,,,,,,,,,,,,,,,,,,,,,,,,,,,,,,,,,,,,,,,,,,,
,,,,,,,,,,,,,,,,,,,,,,,,,,,,,,,,,,,,,,,,,,,,,,,,,,,,,,,,,,,,,,,,,,,,,,,,,,,,,,,,,,,,,,,,,,,,,,,,,,,,,,,,,,,,,8.893280e+00,8.234519e+00,2.042161e+01,1.758893e+01,1.758893e+01,1.758893e+01,1.758893e+01,1.910408e+01,2.799736e+01,2.799736e+01,2.279315e+01,2.582345e+01,,,,2.582345e+01,2.582345e+01,2.582345e+01,1.930171e+01,1.930171e+01,1.930171e+01,1.930171e+01,2.364954e+01,2.364954e+01,2.364954e+01,2.364954e+01,2.364954e+01,2.364954e+01,2.364954e+01,2.364954e+01,2.364954e+01,2.799736e+01,2.799736e+01,2.799736e+01,,2.496706e+01,2.951252e+01,2.364954e+01,2.364954e+01,2.364954e+01,2.364954e+01,,,,,,,,,2.364954e+01,2.364954e+01,2.364954e+01,2.364954e+01,2.951252e+01,2.951252e+01,2.951252e+01,2.951252e+01,2.582345e+01,,,,2.648221e+01,2.648221e+01,,,,,,,,,3.754941e+01,4.189723e+01,3.669302e+01,3.517786e+01,4.472991e+01,4.169960e+01,4.169960e+01,,,5.296442e+01,5.599473e+01,5.816864e+01,4.472991e+01,1.389987e+01,6.521739e+00,,2.173913e+00,1.389987e+01,,3.300395e+01,6.521739e+00,6.521739e+00,2.193676e+01,2.173913e+00,,,,,,,,,,,,,,,,,,,,,,,,,,,,,,,,,,,,,,,,,,,,,,,,,,,,,,,,,,,,,,,,,,,,,,,,,,,,,,,,,,,,,,,,,,,,,,,,,,,,,,,,,,,,,,,,,,,,,,,,,,,,,,,,,,,,,,,,,,,,,,,,,,,,,,,,,,,,,,,,,,,,,,,,,,,,,,,,,,,,,,,,,,,,,,,,,,,,,,,,,,,,,,,,,,,,,,,,,,,,,,,,,,,,,,,,,,,,,,,,,,,,,,,,,,,,,,,,,,,,,,1.515152e+00,1.515152e+00,3.030303e+00,3.030303e+00,7.378129e+00,3.030303e+00,,,,,,,,,,,,,,,,,,,,,,,,,,,,5.204216e+00,2.173913e+00,2.173913e+00,2.173913e+00,2.173913e+00,4.347826e+00,4.347826e+00,2.173913e+00,,,,,7.378129e+00,,,,,,7.378129e+00,7.378129e+00,7.378129e+00,7.378129e+00,,,,,5.862978e+00,5.862978e+00,7.378129e+00,5.862978e+00,4.347826e+00,3.030303e+00,3.030303e+00,7.378129e+00,7.378129e+00,,,2.173913e+00,3.689065e+00,1.515152e+00,1.515152e+00,1.515152e+00,1.515152e+00,1.515152e+00,1.515152e+00,1.515152e+00,,,,,,,,,,,,,,,1.515152e+00,1.515152e+00,1.515152e+00,1.515152e+00,1.515152e+00,1.515152e+00,1.515152e+00,1.515152e+00,,,,,,,,3.689065e+00,5.204216e+00,5.204216e+00,5.204216e+00,5.204216e+00,5.204216e+00,5.204216e+00,,,,1.040843e+01,8.893280e+00,5.862978e+00,,,4.545455e+00,6.060606e+00,6.060606e+00,6.060606e+00,6.060606e+00,7.575758e+00,7.575758e+00,7.575758e+00,9.090909e+00,9.090909e+00,9.090909e+00,9.090909e+00,7.575758e+00,7.575758e+00,7.575758e+00,1.212121e+01,6.060606e+00,6.060606e+00,3.030303e+00,6.060606e+00,4.545455e+00,4.545455e+00,4.545455e+00,6.060606e+00,8.234519e+00,6.060606e+00,8.234519e+00,6.060606e+00,3.030303e+00,,,,,,,,,,,,,,,,,,,,,,1.277997e+01,3.030303e+00,4.545455e+00,1.515152e+00,1.515152e+00,1.515152e+00,1.515152e+00,1.515152e+00,1.515152e+00,1.515152e+00,3.030303e+00,1.515152e+00,,,,2.173913e+00,3.689065e+00,5.862978e+00,5.862978e+00,,,,,,,,,,,,,,,,,,,,,,,,,,,,,,,,,,,,,,,,,,,,,,,,,,,,,,,,,,,,,,,
,,,,,,,,,,,,,,,,,,,,,,,,,,,,,,,,,,,,,,,,,,,,,,,,,,,,,,,,,,,,,,,,,,,,,,,,,,,,,,,,,,,,,,,,,,,,,,,,,,,,,,,,,,,,,,,8.893280e+00,1.976285e+01,2.496706e+01,2.714098e+01,2.345191e+01,3.366271e+01,3.214756e+01,3.214756e+01,,,,1.673254e+01,3.083004e+01,2.931489e+01,2.496706e+01,2.496706e+01,2.496706e+01,2.279315e+01,2.279315e+01,2.279315e+01,3.017128e+01,3.234519e+01,3.234519e+01,3.234519e+01,3.234519e+01,3.234519e+01,3.234519e+01,3.234519e+01,3.234519e+01,3.386034e+01,3.234519e+01,3.234519e+01,3.234519e+01,,3.451910e+01,3.234519e+01,3.537550e+01,3.083004e+01,3.234519e+01,2.648221e+01,,,,,,,,,,,3.254282e+01,3.405797e+01,3.405797e+01,3.405797e+01,3.405797e+01,,,,,1.541502e+01,,4.492754e+01,,,,,,,,4.795784e+01,4.426878e+01,4.426878e+01,4.644269e+01,5.882741e+01,4.841897e+01,5.296442e+01,5.882741e+01,,5.882741e+01,5.882741e+01,6.034256e+01,3.583663e+01,2.325428e+01,2.694335e+01,1.673254e+01,2.911726e+01,6.034256e+01,5.513834e+01,3.563900e+01,4.347826e+00,1.238472e+01,8.036890e+00,1.455863e+01,1.238472e+01,,1.021080e+01,,,1.172596e+01,3.030303e+00,,4.347826e+00,,,,,,,,,,,,,,,,,,,,,,,,,,,,,,,,,,,,,,,,,,,,,,,,,,,,,,,,,,,,,,,,,,,,,,,,,,,,,,,,,,,,,,,,,,,,,,,,,,,,,,,,,,,,,,,,,,,,,,,,,,,,,,,,,,,,,,,,,,,,,,,,,,,,,,,,,,,,,,,,,,,,,,,,,,,,,,,,,,,,,,,,,,,,,,,,,,,,,,,,,,,,,,,,,,,,,,,,,,,,,,,,,,,,,,,,,,,,,,,,,,,,,,,,,,,3.030303e+00,5.204216e+00,3.030303e+00,3.030303e+00,3.030303e+00,3.030303e+00,7.378129e+00,7.378129e+00,,,,,,,,,,,,,,,,,,,,,,,,,,,9.552042e+00,7.378129e+00,,,,,4.347826e+00,4.347826e+00,,,4.347826e+00,4.347826e+00,4.347826e+00,,,4.347826e+00,4.347826e+00,4.347826e+00,4.347826e+00,4.347826e+00,4.347826e+00,4.347826e+00,4.347826e+00,4.347826e+00,,,,,1.515152e+00,,,,,,2.173913e+00,,,2.173913e+00,2.173913e+00,,,,,2.173913e+00,,,,,,2.173913e+00,2.173913e+00,2.173913e+00,2.173913e+00,2.173913e+00,1.515152e+00,1.515152e+00,1.515152e+00,1.515152e+00,1.515152e+00,1.515152e+00,1.515152e+00,1.515152e+00,1.515152e+00,1.515152e+00,1.515152e+00,1.515152e+00,1.515152e+00,1.515152e+00,1.515152e+00,,,1.515152e+00,1.515152e+00,1.515152e+00,1.515152e+00,1.515152e+00,1.515152e+00,1.515152e+00,1.515152e+00,3.689065e+00,4.545455e+00,1.192358e+01,6.719368e+00,1.106719e+01,1.106719e+01,8.234519e+00,4.545455e+00,8.893280e+00,1.343874e+01,7.575758e+00,1.212121e+01,4.545455e+00,3.030303e+00,4.545455e+00,4.545455e+00,4.545455e+00,4.545455e+00,4.545455e+00,4.545455e+00,6.060606e+00,4.545455e+00,4.545455e+00,6.060606e+00,4.545455e+00,4.545455e+00,4.545455e+00,4.545455e+00,1.515152e+00,1.515152e+00,1.515152e+00,1.515152e+00,1.515152e+00,3.689065e+00,3.689065e+00,1.192358e+01,1.343874e+01,1.192358e+01,5.862978e+00,8.893280e+00,1.409750e+01,5.862978e+00,1.040843e+01,,,,,,,5.862978e+00,,,,,,,,,,,,,,,1.515152e+00,3.689065e+00,5.204216e+00,6.719368e+00,6.719368e+00,6.719368e+00,6.719368e+00,5.204216e+00,1.343874e+01,9.749670e+00,1.126482e+01,1.343874e+01,1.126482e+01,1.126482e+01,1.126482e+01,1.126482e+01,7.575758e+00,1.060606e+01,,,,,,,,,,,,,,,,,,,,,,,,,,,,,,,,,,,,,,,,,,,,,,,,,,,,,,,,,,,,,,
9.552042e+00,8.893280e+00,1.324111e+01,2.411067e+01,2.411067e+01,,,,,,,,,,,,,,,,,,,,,,,,,,,,,,,,,,,,,,,,,,2.259552e+01,9.552042e+00,,,,,,,,,,,,,,,,,,,,,,,,,,,,,,,,,,,,,,,,,,,,,,,,,,,,,,,,,,,,,,,,,,1.693017e+01,1.258235e+01,,,,,,,,,,,,2.931489e+01,2.061924e+01,2.279315e+01,2.931489e+01,2.931489e+01,3.234519e+01,3.234519e+01,3.234519e+01,3.234519e+01,2.061924e+01,2.213439e+01,1.910408e+01,3.234519e+01,3.234519e+01,3.234519e+01,3.234519e+01,3.451910e+01,3.451910e+01,3.451910e+01,3.451910e+01,3.148880e+01,2.931489e+01,3.083004e+01,3.234519e+01,3.234519e+01,,,,,,,,,,,,,,,,,3.623188e+01,3.840580e+01,1.910408e+01,1.758893e+01,2.061924e+01,3.754941e+01,3.405797e+01,,,,,,,,,,4.861660e+01,5.513834e+01,6.034256e+01,5.882741e+01,5.882741e+01,5.579710e+01,,,6.034256e+01,6.034256e+01,6.034256e+01,5.882741e+01,4.927536e+01,3.517786e+01,3.517786e+01,8.695652e+00,5.731226e+01,4.084322e+01,3.129117e+01,1.455863e+01,1.455863e+01,6.521739e+00,,,2.173913e+00,,1.021080e+01,3.689065e+00,,1.515152e+00,,,,3.366271e+01,7.140974e+01,,,,,,,,,,,,,,,,,,,,,,,,,,,,,,,,,,,,,,,,,,,,,,,,,,,,,,,,,,,,,,,,,,,,,,,,,,,,,,,,,,,,,,,,,,,,,,,,,,,,,,,,,,,,,,,,,,,,,,,,,,,,,,,,,,,,,,,,,,,,,,,,,,,,,,,,,,,,,,,,,,,,,,,,,,,,,,,,,,,,,,,,,,,,,,,,,,,,,,,,,,,,,,,,,,,,,,,,,,,,,,,,,,,,,,,,,,,,,,,,,,,,,,,,1.515152e+00,,1.515152e+00,3.030303e+00,7.378129e+00,7.378129e+00,7.378129e+00,,,,,,,,,,,,,,,,,,,,,,,4.347826e+00,7.378129e+00,7.378129e+00,7.378129e+00,4.347826e+00,,,,,4.347826e+00,,,,4.347826e+00,4.347826e+00,4.347826e+00,4.347826e+00,,,,,,4.347826e+00,4.347826e+00,4.347826e+00,4.347826e+00,,,,,,,,,,,2.173913e+00,2.173913e+00,2.173913e+00,2.173913e+00,2.173913e+00,,2.173913e+00,2.173913e+00,,2.173913e+00,2.173913e+00,2.173913e+00,2.173913e+00,,,,,,,,,1.515152e+00,1.515152e+00,1.515152e+00,1.515152e+00,1.515152e+00,1.515152e+00,1.515152e+00,1.515152e+00,1.515152e+00,1.515152e+00,1.515152e+00,1.515152e+00,1.515152e+00,3.030303e+00,1.515152e+00,,1.515152e+00,1.515152e+00,1.515152e+00,1.515152e+00,1.515152e+00,1.515152e+00,1.515152e+00,1.515152e+00,1.515152e+00,8.893280e+00,1.040843e+01,1.040843e+01,1.040843e+01,8.893280e+00,1.343874e+01,8.234519e+00,8.234519e+00,8.234519e+00,8.234519e+00,4.545455e+00,6.719368e+00,4.545455e+00,4.545455e+00,3.030303e+00,1.515152e+00,4.545455e+00,4.545455e+00,4.545455e+00,4.545455e+00,6.060606e+00,6.060606e+00,6.060606e+00,1.515152e+00,4.545455e+00,4.545455e+00,4.545455e+00,3.689065e+00,3.689065e+00,1.515152e+00,6.719368e+00,6.719368e+00,6.719368e+00,6.719368e+00,3.689065e+00,9.749670e+00,1.561265e+01,1.192358e+01,1.515152e+00,4.545455e+00,1.409750e+01,6.719368e+00,1.040843e+01,,,,,,5.862978e+00,5.862978e+00,4.347826e+00,4.347826e+00,4.347826e+00,4.347826e+00,4.347826e+00,4.347826e+00,4.347826e+00,5.862978e+00,5.204216e+00,3.030303e+00,5.204216e+00,7.378129e+00,7.378129e+00,7.378129e+00,7.378129e+00,1.343874e+01,1.343874e+01,1.343874e+01,1.343874e+01,1.343874e+01,1.343874e+01,1.343874e+01,1.343874e+01,9.749670e+00,9.749670e+00,9.749670e+00,1.126482e+01,9.749670e+00,1.192358e+01,1.192358e+01,7.575758e+00,9.090909e+00,1.060606e+01,7.575758e+00,7.575758e+00,7.575758e+00,3.030303e+00,,,,,,,,,,,,,,,,,,,,,,,,,,,,,,,,,,,,,,,,,,,,,,,,,,,,,,,,2.193676e+01,1.172596e+01
,,,,,,,,,,,,,,,,,,,,,,,,,,,,,,,,,,,,,,,,2.173913e+00,2.173913e+00,2.173913e+00,5.862978e+00,5.862978e+00,5.862978e+00,5.862978e+00,5.862978e+00,5.862978e+00,,,1.515152e+00,,,,,,,,,,,,,,,,,,,,,,,,,,,,,,,,,,,,,,,,,,,,,,,,,,,,,,,,,,,,,,,,,,,,,,,,,1.258235e+01,1.996047e+01,2.430830e+01,2.951252e+01,1.475626e+01,1.258235e+01,3.471673e+01,3.689065e+00,3.030303e+00,3.030303e+00,7.378129e+00,9.552042e+00,3.886693e+01,3.451910e+01,3.451910e+01,3.234519e+01,3.234519e+01,3.451910e+01,2.779974e+01,2.931489e+01,3.234519e+01,3.234519e+01,2.714098e+01,2.865613e+01,2.714098e+01,2.865613e+01,3.017128e+01,2.799736e+01,,,,,,,,,,,,,,,,2.430830e+01,3.840580e+01,4.057971e+01,4.341238e+01,4.492754e+01,4.057971e+01,4.189723e+01,4.057971e+01,,,,,,,,4.038208e+01,4.189723e+01,5.816864e+01,4.104084e+01,4.104084e+01,4.321476e+01,3.952569e+01,3.735178e+01,3.649539e+01,5.665349e+01,5.882741e+01,5.665349e+01,5.882741e+01,5.816864e+01,5.665349e+01,5.882741e+01,6.034256e+01,5.731226e+01,5.731226e+01,6.251647e+01,5.882741e+01,3.563900e+01,3.781291e+01,1.673254e+01,3.820817e+01,1.455863e+01,2.173913e+00,,2.173913e+00,,,,1.324111e+01,,3.886693e+01,,,4.321476e+01,,2.845850e+01,,,,,,,,,,,,,,,,,,,,,,,,,,,,,,,,,,,,,,,,,,,,,,,,,,,,,,,,,,,,,,,,,,,,,,,,,,,,,,,,,,,,,,,,,,,,,,,,,,,,,,,,,,,,,,,,,,,,,,,,,,,,,,,,,,,,,,,,,,,,,,,,,,,,,,,,,,,,,,,,,,,,,,,,,,,,,,,,,,,,,,,,1.515152e+00,1.515152e+00,,,3.030303e+00,3.030303e+00,,5.204216e+00,,2.173913e+00,3.030303e+00,,,,,,,,,,,,,,,,,,,,,,,,,,,,,,,,,,,,,,,,,,,,,,,,,,,,,3.030303e+00,5.204216e+00,7.378129e+00,7.378129e+00,7.378129e+00,4.347826e+00,,,,,,,,,,,,,,,,,,,,,,4.347826e+00,4.347826e+00,4.347826e+00,,,,,,,,4.347826e+00,,,4.347826e+00,4.347826e+00,,,,,,,,,,,,,,,,,,,,,,,,,,2.173913e+00,,,,,,,,,,,,,,,,1.515152e+00,1.515152e+00,1.515152e+00,1.515152e+00,1.515152e+00,1.515152e+00,1.515152e+00,1.515152e+00,1.515152e+00,1.515152e+00,1.515152e+00,1.515152e+00,4.545455e+00,3.030303e+00,1.515152e+00,1.515152e+00,,1.515152e+00,1.515152e+00,1.515152e+00,1.515152e+00,1.515152e+00,3.689065e+00,1.515152e+00,3.689065e+00,1.040843e+01,6.719368e+00,1.040843e+01,1.040843e+01,1.040843e+01,1.192358e+01,1.040843e+01,8.234519e+00,8.234519e+00,8.234519e+00,8.234519e+00,8.234519e+00,6.719368e+00,4.545455e+00,4.545455e+00,4.545455e+00,4.545455e+00,4.545455e+00,4.545455e+00,4.545455e+00,4.545455e+00,4.545455e+00,4.545455e+00,6.060606e+00,6.060606e+00,4.545455e+00,4.545455e+00,6.719368e+00,1.515152e+00,1.515152e+00,3.689065e+00,3.689065e+00,3.689065e+00,1.515152e+00,1.515152e+00,1.515152e+00,5.862978e+00,5.862978e+00,5.862978e+00,5.862978e+00,4.545455e+00,9.090909e+00,1.192358e+01,1.343874e+01,1.495389e+01,1.040843e+01,,1.040843e+01,5.862978e+00,5.862978e+00,4.347826e+00,4.347826e+00,4.347826e+00,4.347826e+00,4.347826e+00,4.347826e+00,4.347826e+00,4.347826e+00,7.378129e+00,7.378129e+00,7.378129e+00,7.378129e+00,7.378129e+00,7.378129e+00,7.378129e+00,1.343874e+01,1.343874e+01,1.343874e+01,1.343874e+01,1.343874e+01,1.343874e+01,1.343874e+01,1.343874e+01,7.575758e+00,7.575758e+00,9.749670e+00,9.749670e+00,7.575758e+00,1.192358e+01,1.192358e+01,1.060606e+01,1.060606e+01,9.090909e+00,1.060606e+01,6.060606e+00,4.545455e+00,4.545455e+00,,6.060606e+00,1.515152e+00,1.515152e+00,1.515152e+00,1.515152e+00,1.515152e+00,1.515152e+00,1.515152e+00,1.515152e+00,1.515152e+00,1.515152e+00,1.515152e+00,1.515152e+00,1.515152e+00,1.515152e+00,,,,,,,,,,,,,,,,,,,,,,,,,,,,,,,,,,,,,,,,,
,,,,,,,,,,,,,,,,,,,,,,,,,,,,,,,,,,,,,,,,,,,,,,,,,5.862978e+00,1.515152e+00,1.515152e+00,4.347826e+00,5.862978e+00,5.862978e+00,5.862978e+00,4.347826e+00,4.347826e+00,4.347826e+00,6.521739e+00,6.521739e+00,4.347826e+00,6.521739e+00,6.521739e+00,,,,,,,,,,,,,,,,,,,,,,,,,,,,,,,,,,,,,,,,,5.204216e+00,1.515152e+00,,,,,,,,,,,,,,,,,,,,,,,,2.799736e+01,2.799736e+01,2.147563e+01,2.364954e+01,2.364954e+01,,1.910408e+01,2.582345e+01,2.496706e+01,2.430830e+01,3.735178e+01,3.517786e+01,2.997365e+01,3.517786e+01,2.127800e+01,1.976285e+01,2.562582e+01,3.537550e+01,3.017128e+01,2.714098e+01,2.714098e+01,2.562582e+01,2.714098e+01,2.411067e+01,2.127800e+01,1.693017e+01,2.127800e+01,1.693017e+01,,,,,,,,,,,2.667984e+01,3.254282e+01,3.405797e+01,3.405797e+01,3.840580e+01,4.057971e+01,3.623188e+01,3.623188e+01,,4.123847e+01,,,,,,,,,,,4.776021e+01,4.255599e+01,3.820817e+01,3.820817e+01,5.447958e+01,5.816864e+01,5.665349e+01,5.665349e+01,5.882741e+01,6.034256e+01,5.882741e+01,6.034256e+01,5.882741e+01,5.816864e+01,6.251647e+01,,6.554677e+01,6.403162e+01,5.428195e+01,4.255599e+01,3.669302e+01,1.455863e+01,6.521739e+00,6.521739e+00,,,,2.496706e+01,3.030303e+00,7.378129e+00,,1.238472e+01,,,,,2.694335e+01,,,,,,,,,,,,,,,,,,,,,,,,,,,,,,,,,,,,,,,,,,,,,,,,,,,,,,,,,,,,,,,,,,,,,,,,,,,,,,,,,,,,,,,,,,,,,,,,,,,,,,,,,,,,,,,,,,,,,,,,,,,,,,,,,,,,,,,,,,,,,,,,,,,,,,,,,,,,,,,,,,,,,,,,,,,,,,,,,,,,,3.030303e+00,,,3.689065e+00,3.030303e+00,,,2.173913e+00,2.173913e+00,2.173913e+00,2.173913e+00,2.173913e+00,,,,,,,,,,,,,,,,,,,,,,,,,,,,,,,,,,,,,,,,,,,,,,,,,,,,,,,,,,,,,,,,,,,,,,,,,,,,,,,4.347826e+00,4.347826e+00,4.347826e+00,4.347826e+00,,,,,,,,,,,4.347826e+00,4.347826e+00,,,,,,,,,,,,,,,,,,,,,,,,,,,,,,,,,,,6.719368e+00,8.234519e+00,6.719368e+00,9.749670e+00,5.204216e+00,5.204216e+00,5.204216e+00,4.545455e+00,7.575758e+00,7.575758e+00,8.234519e+00,8.234519e+00,8.234519e+00,7.575758e+00,9.749670e+00,1.126482e+01,8.234519e+00,3.030303e+00,6.719368e+00,9.749670e+00,6.719368e+00,6.719368e+00,,,5.862978e+00,5.862978e+00,5.862978e+00,5.862978e+00,5.862978e+00,1.515152e+00,8.234519e+00,1.040843e+01,1.040843e+01,6.719368e+00,1.040843e+01,1.040843e+01,1.040843e+01,8.234519e+00,8.234519e+00,8.234519e+00,8.234519e+00,8.234519e+00,1.040843e+01,1.192358e+01,8.893280e+00,4.545455e+00,4.545455e+00,4.545455e+00,4.545455e+00,4.545455e+00,4.545455e+00,4.545455e+00,4.545455e+00,3.030303e+00,3.030303e+00,4.545455e+00,4.545455e+00,4.545455e+00,6.719368e+00,6.719368e+00,4.545455e+00,1.515152e+00,1.515152e+00,1.515152e+00,1.515152e+00,1.515152e+00,1.515152e+00,1.515152e+00,5.862978e+00,5.862978e+00,5.862978e+00,3.689065e+00,4.545455e+00,9.090909e+00,7.575758e+00,1.343874e+01,1.561265e+01,1.343874e+01,1.343874e+01,7.378129e+00,4.347826e+00,4.347826e+00,4.347826e+00,4.347826e+00,7.378129e+00,4.347826e+00,8.036890e+00,4.347826e+00,4.347826e+00,4.347826e+00,7.378129e+00,7.378129e+00,1.040843e+01,1.192358e+01,1.040843e+01,1.040843e+01,1.040843e+01,1.343874e+01,1.192358e+01,1.192358e+01,1.192358e+01,1.192358e+01,1.192358e+01,1.192358e+01,1.192358e+01,1.277997e+01,9.749670e+00,9.749670e+00,9.749670e+00,9.749670e+00,9.749670e+00,1.192358e+01,1.060606e+01,1.060606e+01,9.090909e+00,9.090909e+00,1.060606e+01,1.212121e+01,4.545455e+00,7.575758e+00,6.060606e+00,4.545455e+00,1.515152e+00,1.515152e+00,1.515152e+00,1.515152e+00,1.515152e+00,1.515152e+00,1.515152e+00,1.515152e+00,1.515152e+00,1.515152e+00,1.515152e+00,1.515152e+00,1.515152e+00,3.030303e+00,,,,,,,,,,,,,,,,,,,,,,,,,,,,,,,,,,,,,,,,
,,,,,,,,,,,,,,,,,,,,,,,,,,,,,,,,,,1.515152e+00,1.515152e+00,3.689065e+00,4.545455e+00,4.545455e+00,4.545455e+00,4.545455e+00,,,,,,,,,,,,,,,2.173913e+00,,4.347826e+00,4.347826e+00,4.347826e+00,4.347826e+00,4.347826e+00,4.347826e+00,4.347826e+00,3.030303e+00,5.204216e+00,5.204216e+00,3.689065e+00,3.689065e+00,3.689065e+00,3.689065e+00,8.893280e+00,7.378129e+00,1.607378e+01,1.824769e+01,1.824769e+01,2.042161e+01,,,,,,,,,,,,,,,,,,,,1.021080e+01,1.238472e+01,1.238472e+01,,1.238472e+01,6.719368e+00,6.719368e+00,3.689064e+01,5.164690e+01,2.213439e+01,1.106719e+01,,,,1.475626e+01,,,,1.258235e+01,1.475626e+01,1.192358e+01,,,,,,,,,,2.061924e+01,2.648221e+01,2.364954e+01,2.364954e+01,2.516469e+01,1.844532e+01,4.255599e+01,3.952569e+01,4.104084e+01,4.038208e+01,4.038208e+01,4.038208e+01,4.321476e+01,4.038208e+01,4.472991e+01,4.472991e+01,4.255599e+01,4.038208e+01,4.255599e+01,2.582345e+01,2.430830e+01,3.017128e+01,3.754941e+01,3.603426e+01,3.603426e+01,3.148880e+01,3.300395e+01,2.562582e+01,3.754941e+01,,4.407114e+01,4.407114e+01,,,,,,6.488802e+01,4.927536e+01,,,,,5.296442e+01,5.296442e+01,5.731226e+01,5.296442e+01,5.296442e+01,5.296442e+01,,,,,,,,,,,,,,,3.254282e+01,3.906456e+01,4.993412e+01,,,,,,,,1.758893e+01,1.693017e+01,,,,,,5.882741e+01,5.882741e+01,5.210804e+01,5.428195e+01,5.428195e+01,2.042161e+01,8.036890e+00,3.194993e+01,6.719368e+00,1.910408e+01,4.347826e+00,3.030303e+00,3.030303e+00,3.148880e+01,,,4.169960e+01,3.030303e+00,,5.645586e+01,,,,,,,,,,,,,,,,,,,,,,,,,,,,,,,,,,,,,,,,,,,,,,,,,,,,,,,,,,,,,,,,,,,,,,,,,,,,,,,,,,,,,,,,,,,,,,,,,,,,,,,,,,,,,,,,,,,,,,,,,,,,,,,,,,,,,,,,,,,,,,,,,,,,,,,,,,,,,,,,,,,,,,,,,,,,,,,3.030303e+00,3.030303e+00,3.030303e+00,,,,,,,1.515152e+00,,1.515152e+00,1.515152e+00,,,,,,,,,,,,,,,,,,,,,,,,,,,,,,,,,,,,,,,,,,,,,,,,,,,,,,,,,,,,,,,,,,,,8.036890e+00,,,3.030303e+00,,,,,,,,,,,,,,,,,,,,,,,,,,,,,,,,,,,,,,,,,,,,,,,,,,,,,,,,,,,,4.347826e+00,3.603426e+01,1.844532e+01,1.844532e+01,1.541502e+01,1.106719e+01,1.389987e+01,1.389987e+01,1.040843e+01,4.545455e+00,4.545455e+00,4.545455e+00,4.545455e+00,4.545455e+00,4.545455e+00,1.126482e+01,9.749670e+00,9.749670e+00,9.749670e+00,5.204216e+00,5.204216e+00,5.204216e+00,5.204216e+00,1.106719e+01,1.106719e+01,1.106719e+01,1.106719e+01,1.106719e+01,1.106719e+01,1.409750e+01,1.106719e+01,1.258235e+01,1.258235e+01,1.258235e+01,1.258235e+01,1.258235e+01,1.258235e+01,1.844532e+01,8.893280e+00,5.862978e+00,6.719368e+00,8.234519e+00,6.060606e+00,8.234519e+00,9.749670e+00,3.030303e+00,,1.515152e+00,1.515152e+00,1.515152e+00,,,,1.515152e+00,3.689065e+00,,3.689065e+00,1.515152e+00,1.515152e+00,3.030303e+00,1.515152e+00,1.515152e+00,1.515152e+00,1.515152e+00,1.515152e+00,1.515152e+00,1.515152e+00,1.515152e+00,1.515152e+00,1.515152e+00,1.515152e+00,4.545455e+00,6.719368e+00,6.719368e+00,3.689065e+00,9.090909e+00,9.090909e+00,6.060606e+00,9.090909e+00,9.090909e+00,3.030303e+00,3.030303e+00,3.030303e+00,5.862978e+00,5.862978e+00,7.378129e+00,4.347826e+00,4.347826e+00,4.347826e+00,4.347826e+00,1.040843e+01,1.495389e+01,1.343874e+01,1.646904e+01,1.646904e+01,1.495389e+01,2.101449e+01,1.475626e+01,,1.060606e+01,1.277997e+01,1.429513e+01,1.060606e+01,1.277997e+01,9.090909e+00,6.060606e+00,7.575758e+00,1.212121e+01,1.060606e+01,1.212121e+01,1.060606e+01,1.060606e+01,1.581028e+01,2.621871e+01,2.101449e+01,2.252964e+01,1.363636e+01,1.515152e+01,1.363636e+01,9.090909e+00,6.060606e+00,1.515152e+00,1.515152e+00,3.030303e+00,3.030303e+00,3.030303e+00,3.030303e+00,3.030303e+00,4.545455e+00,,,,,,,,1.515152e+00,,,,,,,,,,,,,,,,9.749670e+00,4.545455e+00,1.515152e+00,,,,,1.258235e+01,8.234519e+00,2.233202e+01,4.347826e+00,4.347826e+00,4.347826e+00,7.378129e+00,1.040843e+01,8.893280e+00,8.893280e+00,1.343874e+01,,,,,,,
,,,,,,,,,,,,,,,,,,,,,,,,,,,,,,,,,1.515152e+00,1.515152e+00,1.515152e+00,1.515152e+00,1.515152e+00,3.689065e+00,5.862978e+00,3.689065e+00,6.719368e+00,3.689065e+00,3.689065e+00,,,,1.515152e+00,1.515152e+00,,,,,,,,,,,,,4.347826e+00,2.173913e+00,,1.515152e+00,5.204216e+00,3.689065e+00,3.689065e+00,3.689065e+00,3.471673e+01,2.430830e+01,3.906456e+01,1.409750e+01,3.386034e+01,3.669302e+01,2.582345e+01,3.669302e+01,2.799736e+01,3.669302e+01,2.760211e+01,3.801054e+01,1.475626e+01,9.552042e+00,,,,,,7.378129e+00,1.824769e+01,2.931489e+01,2.259552e+01,2.259552e+01,2.259552e+01,,,1.106719e+01,9.552042e+00,8.036890e+00,8.036890e+00,1.541502e+01,2.279315e+01,2.430830e+01,2.213439e+01,3.451910e+01,3.017128e+01,1.040843e+01,1.106719e+01,1.040843e+01,1.475626e+01,1.475626e+01,1.258235e+01,1.475626e+01,1.475626e+01,1.475626e+01,1.844532e+01,1.238472e+01,1.324111e+01,1.343874e+01,6.060606e+00,1.192358e+01,9.749670e+00,,,,,,,,,,,1.515152e+00,1.541502e+01,1.172596e+01,8.036890e+00,8.036890e+00,3.030303e+00,3.030303e+00,3.689065e+00,5.862978e+00,5.862978e+00,1.515152e+00,3.689065e+00,1.515152e+00,1.515152e+00,,1.126482e+01,1.778656e+01,2.430830e+01,2.799736e+01,3.603426e+01,3.603426e+01,3.689064e+01,3.689064e+01,3.754941e+01,,,,,,,,4.123847e+01,4.861660e+01,4.578393e+01,4.578393e+01,4.492754e+01,,,,4.644269e+01,,4.644269e+01,5.513834e+01,5.316206e+01,4.341238e+01,4.558630e+01,,,,3.102767e+01,,,,,,,,2.213439e+01,4.407114e+01,4.841897e+01,4.255599e+01,4.472991e+01,2.819499e+01,3.122530e+01,2.667984e+01,,,,,,4.993412e+01,,,1.758893e+01,,,,6.185771e+01,5.882741e+01,5.731226e+01,4.321476e+01,1.824769e+01,2.779974e+01,2.345191e+01,1.021080e+01,5.862978e+00,7.378129e+00,1.541502e+01,3.030303e+00,,4.973650e+01,1.409750e+01,3.129117e+01,5.125165e+01,7.292490e+01,,,,,,,,,,,,,,,,,,,,,,,,,,,,,,,,,,,,,,,,,,,,,,,,,,,,,,,,,,,,,,,,,,,,,,,,,,,,,,,,,,,,,,,,,,,,,,,,,,,,,,,,,,,,,,,,,,,,,,,,,,,,,,,,,,,,,,,,,,,,,,,,,,,,,,,,,,,,,,,,,,,,,,,,,,1.515152e+00,,,3.030303e+00,3.030303e+00,,,,,,,,,,,,,,,,,,,,,,,,,,,,,,,,,,,,,,,,,,,,,,,,,,,,,,,,,,,,,,,,,,,,,,,,,,,,,,,,,,1.515152e+00,,,,,4.347826e+00,,6.521739e+00,,,,,,,,,,,,,,,,,,,,,,,,,,,,,,,,,,,,,,,,,,,,,,,,,,,,,,4.347826e+00,1.541502e+01,6.719368e+00,3.603426e+01,1.541502e+01,1.996047e+01,3.952569e+01,3.952569e+01,4.104084e+01,4.321476e+01,3.669302e+01,3.083004e+01,3.669302e+01,3.300395e+01,3.030303e+00,8.234519e+00,6.719368e+00,6.719368e+00,6.719368e+00,6.719368e+00,5.204216e+00,5.204216e+00,5.204216e+00,1.106719e+01,1.106719e+01,1.106719e+01,1.106719e+01,1.106719e+01,1.106719e+01,1.106719e+01,1.106719e+01,1.106719e+01,9.552042e+00,9.552042e+00,1.106719e+01,1.106719e+01,9.552042e+00,1.106719e+01,6.719368e+00,6.719368e+00,6.719368e+00,6.719368e+00,6.719368e+00,8.234519e+00,9.749670e+00,4.545455e+00,3.030303e+00,3.030303e+00,,,,,,1.515152e+00,,1.515152e+00,1.515152e+00,1.515152e+00,1.515152e+00,1.515152e+00,1.515152e+00,1.515152e+00,1.515152e+00,1.515152e+00,1.515152e+00,3.030303e+00,1.515152e+00,1.515152e+00,1.515152e+00,1.515152e+00,5.862978e+00,3.689065e+00,3.689065e+00,7.378129e+00,2.516469e+01,4.097497e+01,1.060606e+01,1.060606e+01,1.060606e+01,4.545455e+00,3.030303e+00,,,4.347826e+00,4.347826e+00,4.347826e+00,4.347826e+00,4.347826e+00,4.347826e+00,4.347826e+00,7.378129e+00,1.495389e+01,1.343874e+01,1.343874e+01,1.343874e+01,1.343874e+01,1.798419e+01,1.343874e+01,1.277997e+01,1.060606e+01,1.212121e+01,1.212121e+01,1.212121e+01,1.060606e+01,7.575758e+00,6.060606e+00,9.090909e+00,1.060606e+01,1.212121e+01,1.212121e+01,1.060606e+01,1.212121e+01,1.363636e+01,1.666667e+01,1.515152e+01,1.515152e+01,1.212121e+01,7.575758e+00,9.090909e+00,9.090909e+00,3.030303e+00,6.060606e+00,4.545455e+00,4.545455e+00,4.545455e+00,3.030303e+00,4.545455e+00,6.060606e+00,4.545455e+00,1.515152e+00,,,,,,1.515152e+00,1.515152e+00,1.515152e+00,1.515152e+00,1.515152e+00,1.515152e+00,4.545455e+00,7.575758e+00,7.575758e+00,6.060606e+00,7.575758e+00,9.090909e+00,6.060606e+00,9.090909e+00,6.060606e+00,6.060606e+00,9.749670e+00,9.749670e+00,9.749670e+00,,,,,,,4.347826e+00,1.106719e+01,1.864295e+01,1.864295e+01,1.864295e+01,2.167325e+01,1.930171e+01,1.561265e+01,3.451910e+01,3.603426e+01,2.951252e+01,2.951252e+01,3.603426e+01,1.541502e+01,1.324111e+01,1.409750e+01,
1.976285e+01,1.561265e+01,,,,,,,,,,,,,,,,,,,,,,,,,,,1.515152e+00,1.515152e+00,1.515152e+00,1.515152e+00,1.515152e+00,1.515152e+00,,,,,,,1.515152e+00,3.030303e+00,3.030303e+00,,4.347826e+00,,,1.515152e+00,1.515152e+00,,,,,,,,,,,,,,,,5.204216e+00,1.277997e+01,6.719368e+00,6.719368e+00,3.992095e+01,8.234519e+00,3.689065e+00,2.193676e+01,2.911726e+01,2.779974e+01,3.432148e+01,3.432148e+01,3.432148e+01,2.714098e+01,3.214756e+01,3.498024e+01,2.193676e+01,3.517786e+01,7.378129e+00,9.552042e+00,7.378129e+00,7.378129e+00,5.204216e+00,1.172596e+01,1.172596e+01,5.204216e+00,5.204216e+00,5.204216e+00,1.172596e+01,7.378129e+00,9.552042e+00,1.106719e+01,1.106719e+01,1.106719e+01,9.552042e+00,9.552042e+00,8.893280e+00,7.378129e+00,3.689065e+00,3.689065e+00,3.689065e+00,3.689065e+00,3.689065e+00,5.862978e+00,8.893280e+00,2.173913e+00,5.862978e+00,1.106719e+01,1.258235e+01,1.258235e+01,1.040843e+01,1.040843e+01,6.060606e+00,4.545455e+00,4.545455e+00,4.545455e+00,1.515152e+00,1.343874e+01,9.749670e+00,8.234519e+00,1.693017e+01,1.475626e+01,1.693017e+01,1.106719e+01,1.324111e+01,1.324111e+01,,,,6.060606e+00,9.749670e+00,6.060606e+00,4.545455e+00,4.545455e+00,3.030303e+00,3.030303e+00,1.515152e+00,,,,,,9.749670e+00,1.126482e+01,1.126482e+01,,,,,,,,1.693017e+01,,,,,,,,4.341238e+01,4.123847e+01,4.057971e+01,3.386034e+01,,,,,,4.341238e+01,4.644269e+01,5.316206e+01,5.230566e+01,5.013175e+01,4.558630e+01,,,4.426878e+01,4.426878e+01,4.341238e+01,,,,,,,4.492754e+01,4.624506e+01,4.472991e+01,3.906456e+01,3.036891e+01,1.646904e+01,1.798419e+01,1.627141e+01,,,,,,,,,,2.516469e+01,,,,4.426878e+01,5.882741e+01,6.185771e+01,4.104084e+01,1.541502e+01,1.021080e+01,6.521739e+00,1.824769e+01,9.552042e+00,3.030303e+00,8.695652e+00,3.129117e+01,,,,,,,,,,,,,,,,,,,,,,,,,,,,,,,,,,,,,,,,,,,,,,,,,,,,,,,,,,,,,,,,,,,,,,,,,,,,,,,,,,,,,,,,,,,,,,,,,,,,,,,,,,,,,,,,,,,,,,,,,,,,,,,,,,,,,,,,,,,,,,,,,,,,,,,,,,,,,,,,,,,,,,,,,,,,,3.030303e+00,3.030303e+00,3.030303e+00,3.030303e+00,3.030303e+00,5.204216e+00,1.515152e+00,,,,,,,,,,,,,,,,,,,,,,,,,,,,,,,,,,,,,,,,,,,,,,,,,,,,,,,,,,,,,,,,,,,,,,,,,,,,,,,,,,,,,,,,,,,,,,,,,,,,,,,,,,,,,,,,,,,,,,,,,,,,,,,,,,,,,,,,,,,,,,,2.173913e+00,1.758893e+01,8.893280e+00,8.893280e+00,1.324111e+01,1.844532e+01,1.324111e+01,3.820817e+01,1.996047e+01,9.749670e+00,6.060606e+00,6.060606e+00,9.749670e+00,3.300395e+01,1.126482e+01,9.749670e+00,8.234519e+00,1.126482e+01,8.234519e+00,6.719368e+00,3.689065e+00,6.719368e+00,5.204216e+00,1.106719e+01,6.719368e+00,1.106719e+01,6.719368e+00,1.106719e+01,1.106719e+01,1.106719e+01,1.106719e+01,1.258235e+01,1.258235e+01,1.258235e+01,1.258235e+01,9.552042e+00,1.106719e+01,6.719368e+00,6.060606e+00,6.060606e+00,8.234519e+00,8.234519e+00,8.234519e+00,6.060606e+00,4.545455e+00,3.030303e+00,3.030303e+00,3.030303e+00,1.515152e+00,,,,,,1.515152e+00,1.515152e+00,1.515152e+00,1.515152e+00,1.515152e+00,3.030303e+00,1.515152e+00,1.515152e+00,1.515152e+00,1.515152e+00,1.515152e+00,1.515152e+00,1.515152e+00,1.515152e+00,1.515152e+00,4.545455e+00,7.378129e+00,1.040843e+01,9.552042e+00,3.557312e+01,5.335968e+01,7.575758e+00,6.060606e+00,1.040843e+01,8.893280e+00,4.545455e+00,,,4.347826e+00,4.347826e+00,5.862978e+00,4.347826e+00,4.347826e+00,4.347826e+00,4.347826e+00,7.378129e+00,1.192358e+01,1.343874e+01,1.343874e+01,1.192358e+01,1.495389e+01,1.798419e+01,1.343874e+01,9.090909e+00,,1.212121e+01,9.090909e+00,7.575758e+00,6.060606e+00,4.545455e+00,4.545455e+00,6.060606e+00,9.090909e+00,9.090909e+00,9.090909e+00,7.575758e+00,7.575758e+00,1.060606e+01,1.060606e+01,7.575758e+00,9.090909e+00,9.090909e+00,4.545455e+00,7.575758e+00,6.060606e+00,3.030303e+00,4.545455e+00,3.030303e+00,4.545455e+00,3.030303e+00,3.030303e+00,4.545455e+00,4.545455e+00,4.545455e+00,1.515152e+00,,,,,,1.515152e+00,1.515152e+00,1.515152e+00,1.515152e+00,1.515152e+00,1.515152e+00,1.515152e+00,4.545455e+00,1.515152e+00,6.060606e+00,3.030303e+00,6.060606e+00,1.409750e+01,1.515152e+00,6.060606e+00,,,1.060606e+01,1.060606e+01,1.060606e+01,1.515152e+00,,,,,,4.347826e+00,6.521739e+00,4.347826e+00,6.521739e+00,1.475626e+01,2.799736e+01,1.844532e+01,3.386034e+01,3.234519e+01,2.799736e+01,3.886693e+01,3.017128e+01,3.168643e+01,2.931489e+01,3.300395e+01,2.193676e+01
2.061924e+01,3.451910e+01,1.996047e+01,1.996047e+01,3.030303e+00,,,,,,,,,,,,,,,,,,,,,,,,1.515152e+00,1.515152e+00,1.515152e+00,1.515152e+00,1.515152e+00,1.515152e+00,3.030303e+00,3.030303e+00,3.030303e+00,1.515152e+00,3.030303e+00,3.030303e+00,1.515152e+00,4.545455e+00,6.719368e+00,6.719368e+00,9.749670e+00,3.030303e+00,3.030303e+00,3.030303e+00,6.060606e+00,1.627141e+01,2.865613e+01,6.060606e+00,9.749670e+00,3.451910e+01,9.749670e+00,4.545455e+00,3.030303e+00,3.030303e+00,6.060606e+00,1.040843e+01,3.030303e+00,1.627141e+01,3.030303e+00,1.627141e+01,8.695652e+00,8.695652e+00,1.324111e+01,1.324111e+01,5.862978e+00,5.862978e+00,1.324111e+01,7.378129e+00,7.378129e+00,7.378129e+00,7.378129e+00,7.378129e+00,7.378129e+00,7.378129e+00,7.378129e+00,7.378129e+00,3.030303e+00,8.893280e+00,8.893280e+00,8.893280e+00,8.893280e+00,1.040843e+01,9.552042e+00,5.204216e+00,5.204216e+00,,,,1.515152e+00,3.030303e+00,1.515152e+00,3.030303e+00,3.030303e+00,3.030303e+00,3.030303e+00,3.030303e+00,3.030303e+00,1.515152e+00,3.030303e+00,2.173913e+00,9.552042e+00,9.552042e+00,7.378129e+00,7.378129e+00,9.552042e+00,2.173913e+00,2.173913e+00,2.173913e+00,2.173913e+00,5.204216e+00,6.719368e+00,4.545455e+00,4.545455e+00,4.545455e+00,4.545455e+00,4.545455e+00,4.545455e+00,6.719368e+00,1.515152e+00,6.719368e+00,1.106719e+01,1.475626e+01,1.324111e+01,1.106719e+01,9.552042e+00,1.258235e+01,,2.173913e+00,,,,,,,,,,,4.545455e+00,1.515152e+00,,,,,,,,,,,,,,,,,,,,3.102767e+01,3.754941e+01,3.603426e+01,3.234519e+01,,,,,3.926219e+01,4.123847e+01,4.341238e+01,4.341238e+01,4.492754e+01,3.623188e+01,3.102767e+01,3.254282e+01,3.471673e+01,3.405797e+01,4.143610e+01,3.774704e+01,,,,,,3.906456e+01,5.059288e+01,4.841897e+01,4.841897e+01,3.386034e+01,4.123847e+01,5.210804e+01,1.627141e+01,,,,,,,,,,,,9.552042e+00,9.552042e+00,,,,,,5.210804e+01,5.362318e+01,3.148880e+01,3.148880e+01,5.362318e+01,4.841897e+01,2.628458e+01,1.521739e+01,1.086957e+01,,,,,,,,,,,,,,,,,,,,,,,,,,,,,,,,,,,,,,,,,,,,,,,,,,,,,,,,,,,,,,,,,,,,,,,,,,,,,,,,,,,,,,,,,,,,,,,,,,,,,,,,,,,,,,,,,,,,,,,,,,,,,,,,,,,,,,,,,,,,,,,,,,,,,,,,,,,,,,,,,,,,,,,,,,,,,3.030303e+00,,,,1.515152e+00,1.515152e+00,,,,,,,,,,,,,,,,,,,,,,,,,,,,,,,,,,,,,,,,,,,,,,,,,,1.515152e+00,3.030303e+00,,,,,,,,,,1.515152e+00,3.030303e+00,3.030303e+00,3.030303e+00,3.030303e+00,,,,,1.515152e+00,,,,,,,,,,,,,,4.347826e+00,,,,,,,,3.030303e+00,,,,,,,,,,,,,,,,,,,,,,,,,,,,,,,,,,,,,,,,,,,,2.173913e+00,2.173913e+00,2.173913e+00,2.173913e+00,2.173913e+00,,,,5.862978e+00,5.862978e+00,8.036890e+00,5.862978e+00,4.347826e+00,1.172596e+01,1.021080e+01,1.192358e+01,6.719368e+00,6.719368e+00,9.749670e+00,6.719368e+00,1.192358e+01,1.409750e+01,8.234519e+00,8.234519e+00,5.204216e+00,5.204216e+00,5.204216e+00,5.204216e+00,5.204216e+00,5.204216e+00,1.106719e+01,1.106719e+01,1.106719e+01,1.106719e+01,1.106719e+01,1.106719e+01,1.106719e+01,1.106719e+01,1.258235e+01,1.258235e+01,1.258235e+01,1.258235e+01,1.258235e+01,1.106719e+01,1.258235e+01,6.719368e+00,3.030303e+00,4.545455e+00,3.030303e+00,4.545455e+00,4.545455e+00,4.545455e+00,3.030303e+00,1.515152e+00,,,,1.515152e+00,,,,,,,,,,1.515152e+00,1.515152e+00,1.515152e+00,1.515152e+00,1.515152e+00,1.515152e+00,1.515152e+00,1.515152e+00,5.862978e+00,5.862978e+00,4.347826e+00,8.893280e+00,1.343874e+01,1.040843e+01,3.188406e+01,2.990777e+01,1.212121e+01,6.060606e+00,3.030303e+00,3.030303e+00,3.030303e+00,3.030303e+00,3.030303e+00,2.173913e+00,4.347826e+00,4.347826e+00,4.347826e+00,4.347826e+00,4.347826e+00,4.347826e+00,,,,1.429513e+01,2.081686e+01,4.347826e+00,1.646904e+01,2.233202e+01,1.212121e+01,6.060606e+00,7.575758e+00,1.515152e+00,1.515152e+00,,,,1.515152e+00,1.515152e+00,1.515152e+00,1.515152e+00,1.515152e+00,3.030303e+00,4.545455e+00,9.090909e+00,4.545455e+00,4.545455e+00,4.545455e+00,3.030303e+00,1.515152e+00,1.515152e+00,1.515152e+00,1.515152e+00,3.030303e+00,1.515152e+00,,,1.515152e+00,1.515152e+00,,,1.515152e+00,1.515152e+00,3.030303e+00,3.030303e+00,3.030303e+00,3.030303e+00,1.515152e+00,1.515152e+00,1.515152e+00,1.515152e+00,1.515152e+00,1.515152e+00,1.515152e+00,1.515152e+00,3.030303e+00,1.515152e+00,1.515152e+00,1.515152e+00,3.030303e+00,7.575758e+00,6.060606e+00,6.060606e+00,,7.575758e+00,2.101449e+01,1.192358e+01,4.545455e+00,4.545455e+00,7.575758e+00,7.575758e+00,7.575758e+00,7.575758e+00,3.030303e+00,1.778656e+01,1.778656e+01,1.277997e+01,4.624506e+01,4.407114e+01,4.624506e+01,2.865613e+01,1.996047e+01,3.840580e+01,3.992095e+01,2.496706e+01,1.627141e+01,2.061924e+01,1.778656e+01
3.148880e+01,2.516469e+01,1.996047e+01,1.996047e+01,9.749670e+00,6.060606e+00,7.575758e+00,4.545455e+00,4.545455e+00,,,,,,,,,,,,,,,,,,,,,,,1.515152e+00,1.515152e+00,1.515152e+00,3.030303e+00,3.030303e+00,3.030303e+00,4.545455e+00,4.545455e+00,4.545455e+00,8.234519e+00,9.749670e+00,9.749670e+00,9.749670e+00,9.749670e+00,9.749670e+00,9.749670e+00,9.749670e+00,6.719368e+00,2.173913e+00,9.749670e+00,9.749670e+00,9.749670e+00,9.749670e+00,7.575758e+00,9.749670e+00,2.173913e+00,5.204216e+00,5.204216e+00,3.689065e+00,5.204216e+00,5.204216e+00,5.204216e+00,1.515152e+00,5.862978e+00,8.036890e+00,4.347826e+00,4.347826e+00,,2.173913e+00,5.862978e+00,,,,,,3.689065e+00,7.378129e+00,7.378129e+00,,,,,3.689065e+00,5.204216e+00,1.258235e+01,2.173913e+00,2.173913e+00,,,2.173913e+00,2.173913e+00,,,,,,,,,,3.030303e+00,3.030303e+00,3.030303e+00,3.030303e+00,3.030303e+00,3.030303e+00,3.030303e+00,3.030303e+00,,,,,,2.173913e+00,,1.515152e+00,1.515152e+00,1.515152e+00,1.515152e+00,1.515152e+00,1.515152e+00,1.515152e+00,1.515152e+00,7.575758e+00,7.575758e+00,7.575758e+00,7.575758e+00,7.575758e+00,6.060606e+00,7.575758e+00,,,,,,8.893280e+00,9.552042e+00,1.106719e+01,1.515152e+00,1.515152e+00,,,,,2.173913e+00,,,2.173913e+00,8.036890e+00,8.036890e+00,8.036890e+00,1.910408e+01,1.996047e+01,1.976285e+01,,,,2.865613e+01,3.083004e+01,1.910408e+01,5.204216e+00,8.893280e+00,2.733860e+01,8.893280e+00,3.320158e+01,3.386034e+01,2.799736e+01,,3.537550e+01,3.320158e+01,3.320158e+01,3.386034e+01,4.558630e+01,4.861660e+01,4.861660e+01,3.254282e+01,3.557312e+01,3.405797e+01,3.840580e+01,3.623188e+01,4.143610e+01,4.361002e+01,3.254282e+01,,,,4.492754e+01,5.144927e+01,4.123847e+01,5.362318e+01,5.645586e+01,5.144927e+01,4.776021e+01,4.993412e+01,5.579710e+01,5.579710e+01,,,,,,,,,1.778656e+01,1.996047e+01,1.996047e+01,1.561265e+01,1.258235e+01,,,,,,4.255599e+01,5.362318e+01,5.428195e+01,5.428195e+01,5.428195e+01,4.321476e+01,2.193676e+01,2.042161e+01,1.521739e+01,,,,,,,1.324111e+01,,,,,,,,,,,,,,,,,,,,,,,,,,,,,,,,,,,,,,,,,,,,,,,,,,,,,,,,,,,,,,,,,,,,,,,,,,,,,,,,,,,,,,,,,,,,,,,,,,,,,,,,,,,,,,,,,,,,,,,,,,,,,,,,,,,,,,,,,,,,,,,,,,,,,,,,,,,,,,,,,,,7.378129e+00,,,,,,,,,,,,,,,,,,,,,,,,,,,,,,,,,,1.515152e+00,,1.515152e+00,,,,,,,,,,,,,,,,,,,,,,1.515152e+00,,,,,,,3.030303e+00,3.030303e+00,3.030303e+00,3.030303e+00,,1.515152e+00,,,,,,,,,,,,,,,,,,,,,,,,,,,,,1.515152e+00,,,,,2.173913e+00,,,,,,,,,,,,,,,,,,,,,,,,,,,,,,,,,,,,,,,,2.173913e+00,2.173913e+00,2.173913e+00,4.347826e+00,4.347826e+00,4.347826e+00,2.173913e+00,2.173913e+00,4.347826e+00,4.347826e+00,8.036890e+00,4.347826e+00,2.173913e+00,4.347826e+00,6.719368e+00,5.204216e+00,5.204216e+00,6.719368e+00,6.719368e+00,6.719368e+00,6.719368e+00,8.893280e+00,1.106719e+01,6.719368e+00,6.719368e+00,6.719368e+00,6.719368e+00,6.719368e+00,6.719368e+00,1.106719e+01,1.106719e+01,1.258235e+01,1.106719e+01,1.106719e+01,1.106719e+01,1.106719e+01,1.106719e+01,1.106719e+01,6.719368e+00,6.719368e+00,1.106719e+01,1.258235e+01,1.258235e+01,1.106719e+01,3.030303e+00,3.030303e+00,3.030303e+00,3.030303e+00,3.030303e+00,3.030303e+00,3.030303e+00,,,,,2.173913e+00,2.173913e+00,,,,,,,,,,,1.515152e+00,,1.515152e+00,1.515152e+00,1.515152e+00,4.545455e+00,4.545455e+00,5.862978e+00,6.521739e+00,4.347826e+00,1.258235e+01,2.173913e+00,1.106719e+01,7.444005e+01,2.233202e+01,3.030303e+00,1.515152e+00,4.545455e+00,4.545455e+00,4.545455e+00,4.545455e+00,5.204216e+00,,,,,1.515152e+00,1.515152e+00,,,,2.081686e+01,2.081686e+01,2.167325e+01,6.060606e+00,,1.515152e+00,,,,,,,,,,,,,,,,1.515152e+00,1.515152e+00,3.030303e+00,1.515152e+00,1.515152e+00,1.515152e+00,1.515152e+00,1.515152e+00,,,,,,,,,1.515152e+00,,3.030303e+00,3.030303e+00,1.515152e+00,3.030303e+00,3.030303e+00,,,,,,,1.515152e+00,4.545455e+00,4.545455e+00,4.545455e+00,4.545455e+00,4.545455e+00,4.545455e+00,4.545455e+00,7.575758e+00,6.060606e+00,4.545455e+00,1.343874e+01,3.860342e+01,1.040843e+01,3.030303e+00,3.030303e+00,7.575758e+00,7.575758e+00,7.575758e+00,6.060606e+00,9.090909e+00,9.749670e+00,1.277997e+01,1.561265e+01,2.779974e+01,2.127800e+01,1.910408e+01,2.127800e+01,3.972332e+01,3.451910e+01,3.122530e+01,2.364954e+01,2.694335e+01,1.627141e+01,1.627141e+01
3.583663e+01,4.545455e+00,3.030303e+00,6.719368e+00,4.545455e+00,6.060606e+00,4.545455e+00,6.060606e+00,6.060606e+00,6.719368e+00,,,,,,,,,,,,,,,,,,,,,,,,1.515152e+00,1.515152e+00,3.030303e+00,3.030303e+00,3.030303e+00,3.030303e+00,3.030303e+00,3.030303e+00,1.515152e+00,3.030303e+00,5.204216e+00,6.719368e+00,5.204216e+00,6.719368e+00,9.749670e+00,6.719368e+00,9.749670e+00,9.749670e+00,2.173913e+00,5.204216e+00,2.173913e+00,8.234519e+00,,3.689065e+00,3.689065e+00,5.204216e+00,5.204216e+00,5.204216e+00,5.204216e+00,5.204216e+00,1.515152e+00,7.378129e+00,5.862978e+00,7.378129e+00,7.378129e+00,5.862978e+00,5.862978e+00,8.893280e+00,3.030303e+00,3.030303e+00,,,,,,2.173913e+00,,3.689065e+00,3.689065e+00,3.689065e+00,,,3.030303e+00,,,,,,,,,,,,,,,,3.030303e+00,3.030303e+00,3.030303e+00,3.030303e+00,3.030303e+00,3.030303e+00,3.030303e+00,3.030303e+00,,,,,,,,1.515152e+00,1.515152e+00,1.515152e+00,1.515152e+00,1.515152e+00,1.515152e+00,,,4.545455e+00,6.060606e+00,6.060606e+00,6.060606e+00,6.060606e+00,4.545455e+00,7.575758e+00,1.515152e+00,5.862978e+00,1.515152e+00,,1.515152e+00,,4.347826e+00,4.347826e+00,,2.173913e+00,,,,,2.173913e+00,,,2.173913e+00,2.173913e+00,2.173913e+00,2.173913e+00,1.172596e+01,2.279315e+01,4.776021e+01,4.841897e+01,5.059288e+01,5.144927e+01,5.144927e+01,5.296442e+01,2.496706e+01,2.799736e+01,2.582345e+01,2.799736e+01,2.279315e+01,2.951252e+01,2.799736e+01,2.582345e+01,2.364954e+01,,3.320158e+01,3.537550e+01,3.537550e+01,3.689064e+01,3.689064e+01,3.820817e+01,3.689064e+01,4.143610e+01,4.209486e+01,4.295125e+01,4.361002e+01,4.795784e+01,4.795784e+01,5.599473e+01,3.972332e+01,,2.667984e+01,5.362318e+01,4.558630e+01,4.710145e+01,4.558630e+01,5.144927e+01,5.579710e+01,5.579710e+01,5.579710e+01,5.579710e+01,5.362318e+01,,,,,,,,,,1.778656e+01,,,,,,,,,,4.407114e+01,4.558630e+01,5.428195e+01,5.276680e+01,5.059288e+01,4.018445e+01,2.042161e+01,1.739130e+01,1.739130e+01,4.387352e+01,,,,,,,,,,,,,,,,,,,,,,,,,,,,,,,,,,,,,,,,,,,,,,,,,,,,,,,,,,,,,,,,,,,,,,,,,,,,,,,,,,,,,,,,,,,,,,,,,,,,,,,,,,,,,,,,,,,,,,,,,,,,,,,,,,,,,,,,,,,,,,,,,,,,,,,,,,,,,,,,,,,,,,,6.719368e+00,3.030303e+00,,2.173913e+00,,,,,,1.515152e+00,,,,,,,,,,,,,,,,,,,,,,,,,,,,,,,,,,,,,,,,,,,,,,,,,,,,,,,3.030303e+00,3.030303e+00,3.030303e+00,3.030303e+00,1.515152e+00,1.515152e+00,,,1.515152e+00,1.515152e+00,,,,,,,,,,,,,,,,,,,,,,,,,,,1.515152e+00,3.689065e+00,,2.173913e+00,,2.173913e+00,,,,,,,,,,,,,,,,,,,,,,,,,,,,,,,,,,,,,,,,,2.173913e+00,2.173913e+00,2.173913e+00,2.173913e+00,2.173913e+00,2.173913e+00,2.173913e+00,2.173913e+00,2.173913e+00,2.173913e+00,2.173913e+00,2.173913e+00,2.173913e+00,6.719368e+00,5.204216e+00,5.204216e+00,5.204216e+00,8.893280e+00,6.719368e+00,5.204216e+00,8.893280e+00,6.719368e+00,6.719368e+00,6.719368e+00,6.719368e+00,6.719368e+00,6.719368e+00,6.719368e+00,1.106719e+01,1.106719e+01,1.106719e+01,1.106719e+01,1.106719e+01,1.106719e+01,1.106719e+01,1.106719e+01,6.719368e+00,6.719368e+00,6.719368e+00,6.719368e+00,6.719368e+00,1.106719e+01,6.719368e+00,3.030303e+00,3.030303e+00,3.030303e+00,3.030303e+00,3.030303e+00,1.515152e+00,3.030303e+00,,,,,,,,,,,,,,,,,1.515152e+00,,,1.515152e+00,1.515152e+00,4.545455e+00,4.545455e+00,5.862978e+00,8.036890e+00,4.347826e+00,4.347826e+00,7.378129e+00,9.552042e+00,7.226614e+01,1.778656e+01,1.515152e+00,,1.515152e+00,3.030303e+00,6.719368e+00,5.204216e+00,8.893280e+00,1.515152e+00,1.515152e+00,1.515152e+00,1.515152e+00,,,,,,,,9.090909e+00,2.990777e+01,1.040843e+01,6.060606e+00,,,,,1.515152e+00,1.515152e+00,,1.515152e+00,1.515152e+00,,,,,,,,1.515152e+00,1.515152e+00,1.515152e+00,1.515152e+00,1.515152e+00,1.515152e+00,1.515152e+00,,,,,,,,,,,1.515152e+00,4.545455e+00,3.030303e+00,3.030303e+00,,,,,,1.515152e+00,,1.515152e+00,4.545455e+00,3.030303e+00,3.030303e+00,1.515152e+00,3.030303e+00,4.545455e+00,7.575758e+00,2.839262e+01,6.060606e+00,6.060606e+00,6.060606e+00,6.060606e+00,6.060606e+00,7.575758e+00,1.126482e+01,3.030303e+00,1.495389e+01,9.090909e+00,9.090909e+00,6.060606e+00,7.575758e+00,7.575758e+00,9.090909e+00,1.561265e+01,1.343874e+01,1.126482e+01,7.575758e+00,3.017128e+01,6.060606e+00,3.451910e+01,3.366271e+01,2.997365e+01,3.148880e+01,2.911726e+01
3.030303e+00,3.030303e+00,9.749670e+00,3.030303e+00,1.930171e+01,3.030303e+00,6.060606e+00,6.060606e+00,4.545455e+00,6.719368e+00,4.545455e+00,,,,,,,,,,,,,,,,,,,,,,,,,,,,,1.515152e+00,1.515152e+00,1.515152e+00,1.515152e+00,1.515152e+00,1.515152e+00,1.515152e+00,1.515152e+00,1.515152e+00,3.689065e+00,2.173913e+00,2.173913e+00,2.173913e+00,2.173913e+00,,,,3.689065e+00,5.204216e+00,5.204216e+00,3.689065e+00,3.689065e+00,5.204216e+00,5.204216e+00,3.030303e+00,7.378129e+00,7.378129e+00,8.893280e+00,7.378129e+00,7.378129e+00,7.378129e+00,7.378129e+00,3.030303e+00,1.515152e+00,,,,,,,,3.689065e+00,2.173913e+00,3.689065e+00,,1.515152e+00,3.030303e+00,,,,,,,,,,,,,,,,,1.515152e+00,1.515152e+00,1.515152e+00,1.515152e+00,1.515152e+00,3.030303e+00,3.030303e+00,,,,,,,,,1.890646e+01,3.129117e+01,1.086957e+01,,3.689065e+00,1.515152e+00,6.719368e+00,1.126482e+01,7.575758e+00,7.575758e+00,7.575758e+00,7.575758e+00,7.575758e+00,7.575758e+00,1.515152e+00,7.378129e+00,3.030303e+00,1.515152e+00,1.515152e+00,5.204216e+00,1.040843e+01,3.689065e+00,,2.173913e+00,2.173913e+00,2.173913e+00,2.173913e+00,,2.173913e+00,,2.173913e+00,2.173913e+00,2.173913e+00,2.173913e+00,,6.719368e+00,5.204216e+00,1.389987e+01,1.607378e+01,1.607378e+01,1.976285e+01,1.910408e+01,1.106719e+01,8.036890e+00,1.693017e+01,1.778656e+01,1.996047e+01,2.364954e+01,2.430830e+01,2.364954e+01,1.627141e+01,1.627141e+01,3.320158e+01,3.320158e+01,3.689064e+01,3.386034e+01,3.386034e+01,3.386034e+01,3.471673e+01,3.036891e+01,3.188406e+01,3.992095e+01,4.361002e+01,3.860342e+01,3.992095e+01,3.623188e+01,4.295125e+01,4.341238e+01,1.627141e+01,2.213439e+01,1.778656e+01,2.951252e+01,2.213439e+01,2.516469e+01,2.061924e+01,2.061924e+01,2.364954e+01,2.733860e+01,1.475626e+01,,,,,,,,,,,,,,,,,,,5.862978e+00,1.541502e+01,1.389987e+01,3.234519e+01,4.038208e+01,3.083004e+01,4.255599e+01,5.191041e+01,5.559947e+01,5.559947e+01,4.104084e+01,3.801054e+01,2.694335e+01,,,,,,,,,3.689065e+00,6.772069e+01,,,,,,,,,,,,,,,,,,,,,,,,,,,,,,,,,,,,,,,,,,,,,,,,,,,,,,,,,,,,,,,,,,,,,,,,,,,,,,,,,,,,,,,,,,,,,,,,,,,,,,,,,,,,,,,,,,,,,,,,,,,,,,,,,,,,,,,,,,,,,,,,,,,,,,,,,,3.030303e+00,,,,,,,,,,,,,,,,,,,,,,,,,,,,,,,,,,,,,,,,,,,,,,,,,,,,,,,,,,,,,,,1.515152e+00,1.515152e+00,1.515152e+00,1.515152e+00,1.515152e+00,1.515152e+00,1.515152e+00,1.515152e+00,1.515152e+00,1.515152e+00,1.515152e+00,1.515152e+00,1.515152e+00,1.515152e+00,1.515152e+00,,,,,,,,,,,,,1.515152e+00,,,,,,,,,,,,,2.173913e+00,2.173913e+00,2.173913e+00,2.173913e+00,2.173913e+00,,,,,,,,,,,,,,,,,,,,,,,,,,,,,,,,,,,,,,,,,2.173913e+00,2.173913e+00,2.173913e+00,4.347826e+00,4.347826e+00,4.347826e+00,2.173913e+00,2.173913e+00,2.173913e+00,2.173913e+00,2.173913e+00,2.173913e+00,2.173913e+00,6.719368e+00,5.204216e+00,5.204216e+00,6.719368e+00,8.893280e+00,8.893280e+00,8.893280e+00,8.893280e+00,1.106719e+01,6.719368e+00,6.719368e+00,6.719368e+00,6.719368e+00,8.234519e+00,6.719368e+00,1.106719e+01,1.106719e+01,9.552042e+00,1.106719e+01,1.106719e+01,1.106719e+01,1.258235e+01,9.552042e+00,6.719368e+00,6.719368e+00,6.719368e+00,6.719368e+00,1.106719e+01,1.106719e+01,6.719368e+00,3.030303e+00,3.030303e+00,3.030303e+00,3.030303e+00,3.030303e+00,3.030303e+00,3.030303e+00,,,,,,,,,,,,,,,,,1.515152e+00,,,1.515152e+00,1.515152e+00,1.515152e+00,1.515152e+00,8.893280e+00,4.347826e+00,4.347826e+00,8.036890e+00,1.106719e+01,6.521739e+00,9.552042e+00,6.521739e+00,3.030303e+00,,,,9.749670e+00,9.749670e+00,5.204216e+00,1.515152e+00,1.515152e+00,1.515152e+00,1.515152e+00,1.515152e+00,1.515152e+00,1.515152e+00,3.689065e+00,,,,9.090909e+00,9.090909e+00,2.081686e+01,3.359684e+01,,,,,3.030303e+00,1.515152e+00,1.515152e+00,3.030303e+00,7.575758e+00,,,,1.515152e+00,,,,1.515152e+00,1.515152e+00,1.515152e+00,1.515152e+00,1.515152e+00,1.515152e+00,,,,,,,,,,1.515152e+00,1.515152e+00,,1.515152e+00,3.030303e+00,4.545455e+00,,,,,,,,,4.545455e+00,4.545455e+00,3.030303e+00,1.515152e+00,1.515152e+00,1.515152e+00,7.575758e+00,1.212121e+01,6.060606e+00,2.384717e+01,9.090909e+00,4.545455e+00,4.545455e+00,6.060606e+00,6.060606e+00,7.575758e+00,7.575758e+00,9.090909e+00,7.575758e+00,7.575758e+00,9.090909e+00,9.090909e+00,1.581028e+01,1.277997e+01,1.277997e+01,1.126482e+01,1.277997e+01,1.277997e+01,1.429513e+01,1.561265e+01,6.060606e+00,1.515152e+00,1.515152e+00,7.575758e+00
6.060606e+00,,1.515152e+00,3.030303e+00,3.030303e+00,1.515152e+00,3.030303e+00,3.030303e+00,3.030303e+00,1.515152e+00,1.515152e+00,,,,,1.515152e+00,,1.515152e+00,,1.515152e+00,,,,,,,,,,,,,,,,,,,,1.515152e+00,1.515152e+00,1.515152e+00,1.515152e+00,1.515152e+00,1.515152e+00,1.515152e+00,3.030303e+00,1.515152e+00,1.515152e+00,1.515152e+00,1.515152e+00,1.515152e+00,3.689065e+00,1.515152e+00,1.515152e+00,1.515152e+00,,2.173913e+00,2.173913e+00,4.347826e+00,,,,,,1.515152e+00,1.515152e+00,3.030303e+00,1.515152e+00,1.515152e+00,1.515152e+00,,,,,,,,,,2.173913e+00,,,,,,,2.173913e+00,2.173913e+00,,,,,,,,,,,,,3.030303e+00,3.030303e+00,3.030303e+00,3.030303e+00,3.030303e+00,3.030303e+00,3.030303e+00,3.030303e+00,1.515152e+00,1.515152e+00,1.515152e+00,1.515152e+00,,,,1.304348e+01,2.826087e+01,3.715415e+01,1.304348e+01,1.086957e+01,8.695652e+00,1.304348e+01,1.515152e+00,1.515152e+00,5.204216e+00,3.030303e+00,3.030303e+00,1.515152e+00,1.515152e+00,1.515152e+00,,,4.347826e+00,4.347826e+00,4.347826e+00,4.347826e+00,4.347826e+00,4.347826e+00,5.862978e+00,5.862978e+00,7.378129e+00,5.862978e+00,8.893280e+00,7.378129e+00,8.893280e+00,2.173913e+00,2.173913e+00,2.173913e+00,2.173913e+00,2.173913e+00,2.173913e+00,,2.173913e+00,1.515152e+00,5.862978e+00,1.172596e+01,1.389987e+01,1.172596e+01,1.172596e+01,1.172596e+01,3.689065e+00,3.689065e+00,8.036890e+00,1.106719e+01,1.106719e+01,1.515152e+00,1.515152e+00,1.778656e+01,3.234519e+01,3.537550e+01,3.972332e+01,3.906456e+01,3.623188e+01,4.275362e+01,3.906456e+01,3.537550e+01,3.017128e+01,3.017128e+01,3.320158e+01,3.320158e+01,4.077734e+01,3.623188e+01,4.123847e+01,3.906456e+01,2.061924e+01,2.213439e+01,2.364954e+01,,,2.213439e+01,,6.719368e+00,,,,,,,,,,,,,,,,,,,,,,6.719368e+00,8.234519e+00,8.234519e+00,8.234519e+00,3.102767e+01,3.300395e+01,5.125165e+01,5.428195e+01,5.731226e+01,6.080369e+01,,,,2.779974e+01,1.890646e+01,8.695652e+00,2.108037e+01,,,,1.455863e+01,,,,,,,,,,,,,,,,,,,,,,,,,,,,,,,,,,,,,,,,,,,,,,,,,,,,,,,,,,,,,,,,,,,,,,,,,,,,,,,,4.347826e+00,,,,,,,,,,,,,,,,,,,,,,,,,,,,,,,,,,,,,,,,,,,,,,,,,,,,,,,,,,,,,,,,,,,,,,,,,,,,2.173913e+00,,1.515152e+00,1.515152e+00,,,,,,,,,,,,,,,,,,,,,,,,,,,,,,,,,,,,,,,,,,,,,,,,,,,,,,,,,,,,,1.515152e+00,1.515152e+00,1.515152e+00,1.515152e+00,1.515152e+00,1.515152e+00,1.515152e+00,1.515152e+00,1.515152e+00,1.515152e+00,1.515152e+00,1.515152e+00,1.515152e+00,1.515152e+00,,,,,,,,,,,,,,,,,,,3.689065e+00,,,,,,,,,,4.347826e+00,2.173913e+00,2.173913e+00,2.173913e+00,2.173913e+00,,2.173913e+00,2.173913e+00,,2.173913e+00,,,,,,,,,,,,,,,,,,,,,,,,,,,,,,,,,,,,,,,3.689065e+00,3.689065e+00,3.689065e+00,,3.689065e+00,,,5.204216e+00,9.552042e+00,9.552042e+00,9.552042e+00,9.552042e+00,9.552042e+00,9.552042e+00,9.552042e+00,1.258235e+01,1.106719e+01,1.106719e+01,1.258235e+01,1.258235e+01,6.719368e+00,1.192358e+01,6.719368e+00,6.719368e+00,8.893280e+00,6.719368e+00,8.893280e+00,8.893280e+00,6.719368e+00,6.719368e+00,8.234519e+00,8.234519e+00,8.234519e+00,6.719368e+00,8.234519e+00,6.719368e+00,6.719368e+00,4.545455e+00,4.545455e+00,4.545455e+00,3.030303e+00,4.545455e+00,3.030303e+00,3.030303e+00,,,1.515152e+00,1.515152e+00,,,,,,1.515152e+00,1.515152e+00,1.515152e+00,1.515152e+00,1.515152e+00,1.515152e+00,3.030303e+00,,,,,,,,4.347826e+00,4.347826e+00,7.378129e+00,4.347826e+00,4.347826e+00,1.475626e+01,4.347826e+00,1.778656e+01,3.030303e+00,3.030303e+00,5.204216e+00,6.719368e+00,3.689065e+00,,,1.515152e+00,1.515152e+00,3.689065e+00,5.204216e+00,5.204216e+00,3.030303e+00,5.204216e+00,5.204216e+00,,3.030303e+00,4.644269e+01,4.143610e+01,5.533597e+01,6.119894e+01,6.791831e+01,3.102767e+01,1.040843e+01,2.364954e+01,,,3.030303e+00,,,,,4.545455e+00,3.030303e+00,3.030303e+00,8.893280e+00,3.030303e+00,,,,,,,,,,,,,,,,,,,,,,,,3.030303e+00,4.545455e+00,4.545455e+00,7.575758e+00,7.575758e+00,7.575758e+00,7.575758e+00,7.575758e+00,7.575758e+00,7.575758e+00,3.030303e+00,7.575758e+00,7.575758e+00,7.575758e+00,6.060606e+00,6.060606e+00,6.060606e+00,6.060606e+00,6.060606e+00,7.575758e+00,6.060606e+00,6.060606e+00,6.060606e+00,9.090909e+00,1.212121e+01,7.575758e+00,7.575758e+00,9.090909e+00,1.060606e+01,1.060606e+01,1.126482e+01,1.363636e+01,1.126482e+01,1.060606e+01,1.212121e+01,1.515152e+01,1.363636e+01,9.090909e+00,6.060606e+00,6.060606e+00,6.060606e+00
6.060606e+00,,,3.030303e+00,3.030303e+00,3.030303e+00,1.515152e+00,3.030303e+00,1.515152e+00,,,,,,,,1.515152e+00,,,,,,,,,1.515152e+00,1.515152e+00,1.515152e+00,1.515152e+00,1.515152e+00,1.515152e+00,1.515152e+00,1.515152e+00,1.515152e+00,3.030303e+00,1.515152e+00,1.515152e+00,3.030303e+00,1.515152e+00,8.234519e+00,5.204216e+00,1.515152e+00,1.515152e+00,1.515152e+00,1.515152e+00,1.515152e+00,1.515152e+00,,,2.173913e+00,2.173913e+00,2.173913e+00,4.347826e+00,2.173913e+00,2.173913e+00,2.173913e+00,4.347826e+00,,,,,,,,,,,,,,,,,,,,,,1.515152e+00,,,,,,,,,1.515152e+00,,1.515152e+00,,,,,,1.515152e+00,,,,1.515152e+00,,1.515152e+00,3.030303e+00,3.030303e+00,3.030303e+00,3.030303e+00,4.545455e+00,3.030303e+00,3.030303e+00,,,,,,,,4.347826e+00,4.347826e+00,8.695652e+00,1.304348e+01,,,4.347826e+00,,,,,,,,,4.347826e+00,4.347826e+00,4.347826e+00,4.347826e+00,4.347826e+00,4.347826e+00,4.347826e+00,6.521739e+00,7.378129e+00,5.862978e+00,7.378129e+00,7.378129e+00,7.378129e+00,7.378129e+00,8.893280e+00,8.036890e+00,6.521739e+00,8.036890e+00,6.521739e+00,6.521739e+00,6.521739e+00,6.521739e+00,8.036890e+00,8.695652e+00,1.086957e+01,1.021080e+01,1.389987e+01,1.172596e+01,7.378129e+00,,,5.204216e+00,3.689065e+00,3.030303e+00,3.030303e+00,1.515152e+00,2.173913e+00,3.689065e+00,2.430830e+01,3.320158e+01,3.168643e+01,3.689064e+01,3.537550e+01,3.537550e+01,3.537550e+01,3.083004e+01,3.471673e+01,3.168643e+01,3.168643e+01,,,3.254282e+01,2.799736e+01,2.516469e+01,2.213439e+01,1.627141e+01,,1.627141e+01,1.627141e+01,1.627141e+01,,,,,,,,,,,,,,,,,,,,,,,,1.515152e+00,1.106719e+01,8.893280e+00,8.893280e+00,1.106719e+01,5.342556e+01,5.428195e+01,5.797102e+01,5.342556e+01,5.428195e+01,,,,,,4.387352e+01,3.735178e+01,6.521739e+00,,2.542820e+01,4.169960e+01,,,,,,,,,,,,,,,,,,,,,,,,,,,,,,,,,,,,,,,,,,,,,,,,,,,,,,,,,,,,,,,,,,,,,,,,,,,,,,,,2.173913e+00,2.173913e+00,,,,,,,,,,,,,,,,,,,,,,,,,,,,,,,,,,,,,,,,,,,,,,,,,,,,,,,,,,,,,,,,,,,,,,,,,2.173913e+00,,,1.515152e+00,1.515152e+00,,,,,,,,,,,,,,,,,,,,,,,,,,,,,,,,,,,,,,,,,,,,,,,,,,,,,,,,,,,,,,1.515152e+00,1.515152e+00,1.515152e+00,1.515152e+00,1.515152e+00,1.515152e+00,,1.515152e+00,,,,,,,,,,,,,,,,,,,,,,3.689065e+00,3.689065e+00,3.689065e+00,,,,,,,2.173913e+00,2.173913e+00,3.689065e+00,2.173913e+00,3.689065e+00,3.689065e+00,3.689065e+00,3.689065e+00,3.689065e+00,2.173913e+00,3.689065e+00,3.689065e+00,3.689065e+00,3.689065e+00,,,,,,,,,,,,,,,,,,,,,,,,,,,,,,,,,,,,1.515152e+00,1.515152e+00,,3.689065e+00,3.689065e+00,3.689065e+00,,,3.689065e+00,,5.204216e+00,7.378129e+00,3.689065e+00,1.258235e+01,5.862978e+00,,5.862978e+00,1.126482e+01,1.126482e+01,1.126482e+01,1.126482e+01,1.126482e+01,1.277997e+01,1.126482e+01,1.277997e+01,6.719368e+00,3.689065e+00,3.689065e+00,3.689065e+00,3.689065e+00,3.689065e+00,3.689065e+00,6.719368e+00,4.545455e+00,7.575758e+00,9.749670e+00,1.126482e+01,1.126482e+01,1.126482e+01,1.126482e+01,4.545455e+00,4.545455e+00,4.545455e+00,3.030303e+00,4.545455e+00,3.030303e+00,3.030303e+00,,,,,,,,,2.173913e+00,4.545455e+00,1.515152e+00,3.030303e+00,4.545455e+00,4.545455e+00,4.545455e+00,3.030303e+00,1.515152e+00,1.515152e+00,3.030303e+00,1.515152e+00,,,,4.347826e+00,4.347826e+00,1.192358e+01,1.712780e+01,4.347826e+00,8.036890e+00,8.036890e+00,1.541502e+01,2.799736e+01,1.475626e+01,3.030303e+00,3.030303e+00,5.204216e+00,7.378129e+00,7.378129e+00,9.552042e+00,1.389987e+01,1.389987e+01,1.541502e+01,1.389987e+01,1.541502e+01,1.541502e+01,9.552042e+00,,1.515152e+00,3.030303e+00,5.382082e+01,5.487483e+01,5.685112e+01,4.545455e+00,1.258235e+01,7.378129e+00,3.030303e+00,1.515152e+00,,,,,,,,,7.575758e+00,7.575758e+00,7.575758e+00,1.515152e+00,,,,,,,,,,,1.515152e+00,,3.030303e+00,,,,,,,,,,3.030303e+00,6.060606e+00,9.090909e+00,7.575758e+00,3.030303e+00,3.030303e+00,1.495389e+01,1.212121e+01,3.030303e+00,4.545455e+00,3.945982e+01,6.060606e+00,4.545455e+00,7.575758e+00,9.090909e+00,7.575758e+00,7.575758e+00,6.060606e+00,7.575758e+00,9.090909e+00,9.090909e+00,9.090909e+00,7.575758e+00,6.060606e+00,6.060606e+00,6.060606e+00,6.060606e+00,6.060606e+00,7.575758e+00,1.060606e+01,1.060606e+01,7.575758e+00,6.060606e+00,7.575758e+00,7.575758e+00,6.060606e+00,1.212121e+01,6.060606e+00,6.060606e+00,6.060606e+00,1.060606e+01
8.234519e+00,,,,,,,,,1.515152e+00,1.515152e+00,,,,,,,,,,,,,,,,,1.515152e+00,1.515152e+00,4.545455e+00,1.515152e+00,1.515152e+00,4.545455e+00,4.545455e+00,1.515152e+00,1.515152e+00,1.515152e+00,1.515152e+00,1.515152e+00,5.204216e+00,5.204216e+00,1.515152e+00,1.515152e+00,1.515152e+00,1.515152e+00,,,1.515152e+00,1.515152e+00,2.173913e+00,4.347826e+00,4.347826e+00,2.173913e+00,2.173913e+00,,,,,,,,,,,,,,,,,,,,,,,,,1.515152e+00,,,,,,,,,,,,,,,,1.515152e+00,1.515152e+00,1.515152e+00,,1.515152e+00,1.515152e+00,,3.030303e+00,3.030303e+00,3.030303e+00,1.515152e+00,,1.515152e+00,3.030303e+00,4.545455e+00,,,,,,,,,1.515152e+00,1.515152e+00,,,,,,,,,,,,,4.347826e+00,4.347826e+00,4.347826e+00,6.521739e+00,6.521739e+00,4.347826e+00,6.521739e+00,6.521739e+00,5.862978e+00,5.862978e+00,5.862978e+00,5.862978e+00,5.862978e+00,5.862978e+00,5.862978e+00,6.521739e+00,5.862978e+00,4.347826e+00,6.521739e+00,4.347826e+00,6.521739e+00,6.521739e+00,6.521739e+00,1.086957e+01,6.521739e+00,2.173913e+00,4.347826e+00,,,,,3.689065e+00,3.689065e+00,1.515152e+00,1.515152e+00,3.689065e+00,3.689065e+00,3.689065e+00,1.475626e+01,1.172596e+01,1.172596e+01,1.976285e+01,2.127800e+01,3.017128e+01,3.320158e+01,3.168643e+01,3.386034e+01,3.168643e+01,3.168643e+01,3.017128e+01,3.254282e+01,2.516469e+01,2.061924e+01,1.409750e+01,7.378129e+00,,,1.192358e+01,1.192358e+01,,3.689065e+00,,,,,,,,,,,,,,,,3.689065e+00,3.689065e+00,3.689065e+00,2.173913e+00,2.173913e+00,1.258235e+01,4.545455e+00,1.515152e+00,8.893280e+00,5.862978e+00,5.862978e+00,1.106719e+01,4.907773e+01,5.342556e+01,6.383399e+01,6.014493e+01,6.014493e+01,5.342556e+01,6.600790e+01,,,,,4.822134e+01,3.952569e+01,5.125165e+01,,,,,,,,,,,,,,,,,,,,,,,,,,,,,,,,,,,,,,,,,,,,,,,,,,,,,,,,,,,,,,,,,,,,,,,,,,,,,,,,,,,2.173913e+00,,,,,,,,,,,,,,,,,,,,,,,,,,,,,,,,,,,,,,,,,,,,,,,,,,,,,,,,,,,,,,,,,,,,,,,,,2.173913e+00,,,,,,,,,,,,,,,,,,,,,,,,,,,,,,,,,,,,,,,,,,,,,,,,,,,,,,,,,,,,,,,,,,1.515152e+00,1.515152e+00,1.515152e+00,,,,1.515152e+00,,,,,,,,,,,,,,,,,,,3.689065e+00,3.689065e+00,3.689065e+00,3.689065e+00,3.689065e+00,,,,,,,,2.173913e+00,2.173913e+00,2.173913e+00,2.173913e+00,2.173913e+00,2.173913e+00,3.689065e+00,2.173913e+00,3.689065e+00,3.689065e+00,3.689065e+00,3.689065e+00,3.689065e+00,3.689065e+00,3.689065e+00,,,,,,,,,,,,,,,,,,,,,,,,,,,,,,,,,1.515152e+00,,1.515152e+00,1.515152e+00,1.515152e+00,,3.689065e+00,3.689065e+00,3.689065e+00,3.689065e+00,3.689065e+00,,,4.545455e+00,1.515152e+00,7.378129e+00,4.545455e+00,7.378129e+00,3.030303e+00,3.689065e+00,9.552042e+00,1.126482e+01,1.126482e+01,1.126482e+01,1.126482e+01,1.126482e+01,1.126482e+01,1.126482e+01,6.719368e+00,1.238472e+01,3.689065e+00,3.689065e+00,3.689065e+00,3.689065e+00,3.689065e+00,8.893280e+00,6.060606e+00,7.575758e+00,6.060606e+00,6.060606e+00,7.575758e+00,6.060606e+00,7.575758e+00,4.545455e+00,4.545455e+00,4.545455e+00,3.030303e+00,1.515152e+00,,,,,2.173913e+00,2.173913e+00,2.173913e+00,2.173913e+00,2.173913e+00,2.173913e+00,5.204216e+00,4.545455e+00,3.030303e+00,1.515152e+00,1.515152e+00,1.515152e+00,1.515152e+00,1.515152e+00,1.515152e+00,1.515152e+00,1.515152e+00,,1.515152e+00,,1.515152e+00,4.347826e+00,4.347826e+00,4.347826e+00,4.347826e+00,4.347826e+00,4.347826e+00,8.036890e+00,9.552042e+00,8.695652e+00,4.347826e+00,3.030303e+00,3.030303e+00,1.515152e+00,,5.204216e+00,8.036890e+00,1.389987e+01,1.389987e+01,1.324111e+01,1.389987e+01,1.541502e+01,1.172596e+01,7.378129e+00,3.030303e+00,3.030303e+00,3.030303e+00,3.030303e+00,4.545455e+00,4.545455e+00,1.475626e+01,7.378129e+00,7.009222e+01,7.009222e+01,6.640317e+01,1.515152e+00,,5.184453e+01,6.422925e+01,5.204216e+00,4.446640e+01,3.860342e+01,3.860342e+01,,3.030303e+00,3.036891e+01,3.926219e+01,9.749670e+00,2.173913e+00,,,,,,,,,,,,,,,,,,,,,3.030303e+00,3.030303e+00,3.030303e+00,3.030303e+00,3.030303e+00,3.689065e+00,4.347826e+00,1.212121e+01,7.575758e+00,7.575758e+00,7.575758e+00,1.363636e+01,8.234519e+00,6.060606e+00,8.234519e+00,6.060606e+00,7.575758e+00,6.060606e+00,6.060606e+00,9.090909e+00,9.090909e+00,6.060606e+00,6.060606e+00,6.060606e+00,6.060606e+00,6.060606e+00,6.060606e+00,7.575758e+00,7.575758e+00,9.090909e+00,6.060606e+00,4.545455e+00,4.545455e+00,4.545455e+00,3.030303e+00,3.030303e+00,7.575758e+00,6.060606e+00,7.575758e+00,4.545455e+00,6.719368e+00
,,,,,,,,,,,,,,,0.000000e+00,,,,,,,,,,,,1.515152e+00,1.515152e+00,4.545455e+00,4.545455e+00,4.545455e+00,6.060606e+00,4.545455e+00,1.515152e+00,1.515152e+00,,,4.545455e+00,8.234519e+00,9.749670e+00,1.515152e+00,1.515152e+00,,,,,,1.515152e+00,,,,,,,,,,,,,,,,,,,,3.030303e+00,3.030303e+00,3.030303e+00,,1.515152e+00,1.515152e+00,1.515152e+00,1.515152e+00,,,,,,,,,,,,,,,,,2.173913e+00,2.173913e+00,1.515152e+00,,,1.515152e+00,,1.515152e+00,1.515152e+00,3.030303e+00,1.515152e+00,1.515152e+00,3.030303e+00,3.030303e+00,1.515152e+00,,1.515152e+00,,,,,,,,,,,,,,,,,,,,,,,4.347826e+00,4.347826e+00,6.521739e+00,6.521739e+00,6.521739e+00,6.521739e+00,6.521739e+00,6.521739e+00,1.515152e+00,1.515152e+00,1.515152e+00,1.515152e+00,1.515152e+00,1.515152e+00,1.515152e+00,,3.689065e+00,5.862978e+00,4.347826e+00,4.347826e+00,4.347826e+00,4.347826e+00,4.347826e+00,2.173913e+00,4.347826e+00,2.173913e+00,2.173913e+00,,,,1.515152e+00,3.689065e+00,3.689065e+00,1.515152e+00,1.515152e+00,1.515152e+00,1.515152e+00,5.862978e+00,1.106719e+01,1.258235e+01,1.258235e+01,9.552042e+00,1.172596e+01,1.389987e+01,1.541502e+01,2.061924e+01,1.844532e+01,1.844532e+01,2.279315e+01,3.254282e+01,3.254282e+01,3.254282e+01,2.061924e+01,1.192358e+01,,,7.378129e+00,1.192358e+01,1.192358e+01,1.192358e+01,2.799736e+01,3.386034e+01,5.059288e+01,3.689065e+00,,,,,,,,,,3.689065e+00,1.106719e+01,1.409750e+01,8.234519e+00,2.173913e+00,2.173913e+00,,2.173913e+00,5.204216e+00,1.258235e+01,1.106719e+01,1.515152e+00,1.515152e+00,1.515152e+00,1.515152e+00,1.258235e+01,5.342556e+01,2.997365e+01,3.366271e+01,2.496706e+01,5.862978e+00,2.345191e+01,3.952569e+01,5.862978e+01,4.993412e+01,,,,,,,,,,,,,,,,,,,,,,,,,,,,,,,,,,,,,,,,,,,,,,,,,,,,,,,,,,,,,,,,,,,,,,,,,,,,,,,,,,,,,,,2.173913e+00,2.173913e+00,2.173913e+00,,,,,,,,,,,,,,,,,,,,,,,,,,,,,,,,,,,,,,,,,,,,,,,,,,,,,,,,,,,,,,,,,,,,,,,,,,,,,,,,,,,,,,,,,,,,,,,,,,,,,,,,,,,,,,,,,,,,,,,,,,,,,,,,,,,,,,,,,,,,,,,1.515152e+00,1.515152e+00,,,,,,,,,,,,,,,,,,3.689065e+00,3.689065e+00,3.689065e+00,3.689065e+00,3.689065e+00,,,,,,,,,2.173913e+00,3.689065e+00,2.173913e+00,2.173913e+00,2.173913e+00,2.173913e+00,3.689065e+00,3.689065e+00,3.689065e+00,3.689065e+00,3.689065e+00,3.689065e+00,3.689065e+00,3.689065e+00,,,,,,,,,,,,,,,,,,,,,,,,,,,,,,,,,,,,,1.515152e+00,1.515152e+00,3.689065e+00,3.689065e+00,3.689065e+00,3.689065e+00,3.689065e+00,3.689065e+00,3.689065e+00,5.204216e+00,1.515152e+00,,1.515152e+00,1.515152e+00,7.378129e+00,1.515152e+00,7.378129e+00,1.277997e+01,1.126482e+01,1.126482e+01,1.126482e+01,1.126482e+01,1.561265e+01,1.126482e+01,5.204216e+00,3.689065e+00,3.689065e+00,3.689065e+00,3.689065e+00,3.689065e+00,3.689065e+00,6.719368e+00,6.060606e+00,6.060606e+00,6.060606e+00,6.060606e+00,6.060606e+00,6.060606e+00,6.060606e+00,3.030303e+00,3.030303e+00,3.030303e+00,1.515152e+00,1.515152e+00,1.515152e+00,,1.515152e+00,2.173913e+00,2.173913e+00,2.173913e+00,2.173913e+00,2.173913e+00,2.173913e+00,2.173913e+00,5.204216e+00,3.030303e+00,1.515152e+00,1.515152e+00,1.515152e+00,1.515152e+00,1.515152e+00,1.515152e+00,1.515152e+00,1.515152e+00,1.515152e+00,1.515152e+00,,,1.515152e+00,4.347826e+00,4.347826e+00,5.862978e+00,4.347826e+00,5.862978e+00,8.893280e+00,8.036890e+00,6.521739e+00,2.173913e+00,5.204216e+00,1.172596e+01,8.695652e+00,8.695652e+00,1.021080e+01,1.172596e+01,4.347826e+00,8.695652e+00,1.475626e+01,1.172596e+01,1.324111e+01,1.324111e+01,1.324111e+01,1.258235e+01,3.030303e+00,3.030303e+00,3.030303e+00,4.545455e+00,3.030303e+00,3.030303e+00,3.030303e+00,,,,,1.515152e+00,,,,,2.819499e+01,4.446640e+01,4.011858e+01,4.143610e+01,3.030303e+00,1.515152e+00,2.173913e+00,,2.173913e+00,,,,,,,,,,,,,,,,,,1.515152e+00,1.515152e+00,9.090909e+00,4.545455e+00,3.030303e+00,3.030303e+00,3.030303e+00,3.030303e+00,3.030303e+00,7.378129e+00,7.575758e+00,7.575758e+00,7.575758e+00,7.575758e+00,9.090909e+00,7.575758e+00,7.575758e+00,6.060606e+00,7.575758e+00,9.090909e+00,9.090909e+00,6.060606e+00,4.545455e+00,3.030303e+00,4.545455e+00,6.060606e+00,6.060606e+00,6.060606e+00,7.575758e+00,6.060606e+00,6.060606e+00,6.060606e+00,6.060606e+00,4.545455e+00,4.545455e+00,,3.030303e+00,,,7.575758e+00,8.234519e+00,4.545455e+00,,
,,,,,,,,,,,,,,,,,,,,,,,,,,,,,,,,,,,,,,5.204216e+00,6.719368e+00,6.719368e+00,,,,,,,,,,,,,,,,,,,,,,,,3.030303e+00,3.030303e+00,3.030303e+00,3.030303e+00,3.030303e+00,3.030303e+00,3.030303e+00,1.515152e+00,,,,,,,1.515152e+00,4.545455e+00,4.545455e+00,3.030303e+00,1.515152e+00,1.515152e+00,,1.515152e+00,1.515152e+00,1.515152e+00,1.515152e+00,1.515152e+00,1.515152e+00,3.030303e+00,3.030303e+00,3.030303e+00,1.515152e+00,,,,,,,,1.515152e+00,1.515152e+00,1.515152e+00,1.515152e+00,1.515152e+00,1.515152e+00,1.515152e+00,1.515152e+00,,3.030303e+00,3.030303e+00,1.515152e+00,1.515152e+00,1.515152e+00,1.515152e+00,1.515152e+00,1.515152e+00,1.515152e+00,1.515152e+00,1.515152e+00,1.515152e+00,1.515152e+00,1.515152e+00,,,,,,,4.347826e+00,6.521739e+00,6.521739e+00,6.521739e+00,6.521739e+00,6.521739e+00,6.521739e+00,8.695652e+00,8.036890e+00,8.036890e+00,1.021080e+01,8.036890e+00,5.862978e+00,5.862978e+00,5.862978e+00,1.515152e+00,,,,,,4.347826e+00,8.695652e+00,,2.173913e+00,2.173913e+00,2.173913e+00,,,,,,,,,,,,5.204216e+00,5.204216e+00,5.204216e+00,5.204216e+00,6.719368e+00,6.719368e+00,8.234519e+00,8.893280e+00,8.893280e+00,5.862978e+00,5.862978e+00,5.862978e+00,5.862978e+00,5.862978e+00,2.173913e+00,,,,,2.173913e+00,2.173913e+00,,1.515152e+00,,,1.515152e+00,,,,,,,,,,,,3.689065e+00,,,,,,,,7.378129e+00,8.893280e+00,1.475626e+01,1.607378e+01,3.063241e+01,1.172596e+01,1.021080e+01,1.976285e+01,1.541502e+01,3.649539e+01,1.739130e+01,1.739130e+01,8.695652e+00,2.173913e+00,,,,,,,,,,,,,,,,,,,,,,,,,,,,,,,,,,,,,,,,,,,,,,,,,,,,,,,,,,,,,,,,,,,,,,,,,,,,,,,,,,,,,,,,,,,,,,,,,,,1.304348e+01,,,,,,,,,,,,,,,,,,,,,,,,,,,,,,,,,,,,,,,,,,,,,,,,,,,,,,,,,,,,,,,,,,,,1.515152e+00,,1.515152e+00,1.515152e+00,1.515152e+00,,,,,,,,,,,,,,,,,,,,,,,,,,,,1.515152e+00,,,1.515152e+00,,2.173913e+00,,,,,2.173913e+00,2.173913e+00,2.173913e+00,2.173913e+00,2.173913e+00,2.173913e+00,2.173913e+00,2.173913e+00,,2.173913e+00,,,,,,,,,,,,,,,,,,,,,,,,,,,,,,,,,,,,,,,,,,,3.689065e+00,3.689065e+00,3.689065e+00,2.173913e+00,,,2.173913e+00,2.173913e+00,,2.173913e+00,3.689065e+00,2.173913e+00,2.173913e+00,,,,,,,,,,,,,,,,,,,,,,,,,,,,,,,,,,,,,,,,,,,,,,,,,,,3.689065e+00,3.689065e+00,3.689065e+00,6.060606e+00,9.090909e+00,9.749670e+00,7.575758e+00,6.060606e+00,7.575758e+00,6.060606e+00,4.545455e+00,1.277997e+01,8.234519e+00,6.719368e+00,5.204216e+00,9.552042e+00,9.552042e+00,9.552042e+00,9.552042e+00,5.204216e+00,9.552042e+00,7.378129e+00,7.378129e+00,1.515152e+00,1.515152e+00,1.515152e+00,1.515152e+00,1.515152e+00,1.515152e+00,1.515152e+00,,,,,,,,,3.030303e+00,5.862978e+00,1.515152e+00,5.862978e+00,5.862978e+00,3.689065e+00,3.689065e+00,3.030303e+00,4.545455e+00,1.515152e+00,1.515152e+00,,1.515152e+00,1.515152e+00,1.515152e+00,,,,,,,,3.030303e+00,,1.515152e+00,,4.347826e+00,3.689065e+00,4.347826e+00,,,,,,,,6.521739e+00,1.515152e+00,3.030303e+00,3.030303e+00,3.030303e+00,3.030303e+00,5.204216e+00,3.030303e+00,3.030303e+00,1.515152e+00,,,,,4.347826e+00,,3.689065e+00,,,1.515152e+00,5.204216e+00,5.204216e+00,1.712780e+01,1.561265e+01,,,,3.030303e+00,1.343874e+01,3.339921e+01,3.623188e+01,,,,,,1.515152e+00,,,,,,,,,,,,,,3.030303e+00,1.343874e+01,,4.545455e+00,1.343874e+01,7.575758e+00,3.030303e+00,3.030303e+00,3.030303e+00,3.030303e+00,4.545455e+00,7.575758e+00,6.060606e+00,6.060606e+00,6.060606e+00,6.060606e+00,6.060606e+00,6.060606e+00,6.060606e+00,9.749670e+00,9.749670e+00,8.234519e+00,8.234519e+00,8.234519e+00,8.234519e+00,8.234519e+00,3.030303e+00,4.545455e+00,3.030303e+00,3.030303e+00,6.719368e+00,4.545455e+00,3.030303e+00,5.204216e+00,5.204216e+00,7.378129e+00,5.204216e+00,2.173913e+00,2.173913e+00,2.173913e+00,5.204216e+00,5.204216e+00,,,
,,,,,,,,,,,,,,,,,,,,,,,,,,,,,,,,,,,,,,5.204216e+00,5.204216e+00,6.719368e+00,1.515152e+00,,,,,,,,,,,,,,,,,,,2.173913e+00,4.347826e+00,2.173913e+00,5.862978e+00,6.719368e+00,8.234519e+00,5.204216e+00,3.030303e+00,,3.030303e+00,3.030303e+00,,,,,,,,1.515152e+00,4.545455e+00,3.030303e+00,3.030303e+00,3.030303e+00,3.030303e+00,1.515152e+00,3.030303e+00,1.515152e+00,1.515152e+00,1.515152e+00,1.515152e+00,1.515152e+00,1.515152e+00,1.515152e+00,,,,1.515152e+00,1.515152e+00,1.515152e+00,1.515152e+00,,1.515152e+00,7.378129e+00,5.204216e+00,3.030303e+00,5.204216e+00,3.689065e+00,3.030303e+00,1.515152e+00,3.030303e+00,3.030303e+00,1.515152e+00,1.515152e+00,3.030303e+00,1.515152e+00,,1.515152e+00,1.515152e+00,1.515152e+00,1.515152e+00,1.515152e+00,1.515152e+00,1.515152e+00,1.515152e+00,,,,,,,,,2.173913e+00,8.695652e+00,8.695652e+00,8.695652e+00,6.521739e+00,6.521739e+00,8.695652e+00,5.862978e+00,5.862978e+00,5.862978e+00,5.862978e+00,1.021080e+01,5.862978e+00,1.021080e+01,1.515152e+00,,,,,,,,,,,,,,,,,,,,,,,5.204216e+00,5.204216e+00,5.204216e+00,3.689065e+00,3.689065e+00,3.689065e+00,,5.862978e+00,1.515152e+00,,,,,,,,,,,,3.689065e+00,1.515152e+00,,,,,,1.515152e+00,1.515152e+00,1.515152e+00,,,,,,,,,,,,,,,,,,,1.192358e+01,1.389987e+01,4.367589e+01,4.736495e+01,3.735178e+01,,6.060606e+00,4.604743e+01,6.521739e+00,6.521739e+00,1.086957e+01,,4.538867e+01,,,,,,,,,,,,,,,,,,,,,,,,,,,,,,,,,,,,,,,,,,,,,,,,,,,,,,,,,,,,,,,,,,,,,,,,,,,,,,,,,,,,,,,,,,,,,,,,,,,,,,,,,,,,,,,,,,,,,,,,,,,,,,,,,,,,,,,,,,,,,,,,,,,,,,,,,,,,,,,,,,,,,1.515152e+00,1.515152e+00,1.515152e+00,1.515152e+00,,,1.515152e+00,,,,,,,,,,,,,,,,,,,,,,,,,,1.515152e+00,1.515152e+00,,,1.515152e+00,2.173913e+00,2.173913e+00,2.173913e+00,2.173913e+00,2.173913e+00,2.173913e+00,2.173913e+00,2.173913e+00,2.173913e+00,2.173913e+00,2.173913e+00,2.173913e+00,2.173913e+00,2.173913e+00,2.173913e+00,,,,,,,,,,,,,,,,,,,,,,,,,,,,,,,,,,,,,,,,2.173913e+00,,,2.173913e+00,3.689065e+00,,2.173913e+00,,,,3.689065e+00,2.173913e+00,3.689065e+00,3.689065e+00,2.173913e+00,2.173913e+00,2.173913e+00,,,,,,,,,,,,,,,,,,,,,,,,,,,,,,,,,,,,,,,,,,,,,,,,,,3.689065e+00,6.719368e+00,6.060606e+00,9.090909e+00,9.749670e+00,9.749670e+00,9.749670e+00,9.749670e+00,3.689065e+00,9.749670e+00,7.575758e+00,3.689065e+00,6.719368e+00,6.719368e+00,6.719368e+00,3.030303e+00,1.515152e+00,3.030303e+00,5.204216e+00,5.204216e+00,5.204216e+00,5.204216e+00,1.515152e+00,1.515152e+00,1.515152e+00,1.515152e+00,1.515152e+00,1.515152e+00,1.515152e+00,3.030303e+00,,,,,,,,,1.515152e+00,1.515152e+00,3.030303e+00,3.030303e+00,3.030303e+00,1.515152e+00,1.515152e+00,1.515152e+00,1.515152e+00,1.515152e+00,4.545455e+00,1.515152e+00,1.515152e+00,4.545455e+00,1.515152e+00,,,,,,,,,,,,,,,,,,,,,,,1.515152e+00,1.515152e+00,7.378129e+00,3.030303e+00,3.030303e+00,3.030303e+00,3.030303e+00,3.030303e+00,3.030303e+00,3.030303e+00,3.030303e+00,7.575758e+00,1.343874e+01,7.575758e+00,1.864295e+01,3.689065e+00,1.021080e+01,3.689065e+00,1.515152e+00,6.719368e+00,5.204216e+00,1.106719e+01,4.275362e+01,,,,,1.712780e+01,3.168643e+01,3.471673e+01,1.515152e+00,,1.515152e+00,1.515152e+00,1.515152e+00,3.689065e+00,,,,,,,,,,1.515152e+00,,1.515152e+00,,1.515152e+00,3.030303e+00,7.575758e+00,7.575758e+00,4.545455e+00,4.545455e+00,3.030303e+00,3.030303e+00,3.030303e+00,3.030303e+00,3.030303e+00,6.060606e+00,6.060606e+00,6.060606e+00,6.060606e+00,9.090909e+00,7.575758e+00,7.575758e+00,7.575758e+00,9.749670e+00,8.234519e+00,8.234519e+00,8.234519e+00,8.234519e+00,8.234519e+00,8.234519e+00,3.030303e+00,3.030303e+00,3.030303e+00,8.893280e+00,1.192358e+01,1.581028e+01,8.893280e+00,5.204216e+00,5.204216e+00,2.173913e+00,2.173913e+00,2.173913e+00,2.173913e+00,2.173913e+00,5.204216e+00,5.204216e+00,3.689065e+00,,
,,,,,,,,,,,,,,,,,,,,,,,,,,,,,,,,,,,3.030303e+00,5.204216e+00,5.204216e+00,5.204216e+00,5.204216e+00,5.204216e+00,1.515152e+00,,,,,,,,,,,,,,,,2.173913e+00,1.515152e+00,,2.173913e+00,2.173913e+00,2.173913e+00,5.862978e+00,3.030303e+00,3.030303e+00,3.030303e+00,3.030303e+00,3.030303e+00,3.030303e+00,1.040843e+01,1.515152e+00,3.689065e+00,,,,,,,3.030303e+00,3.030303e+00,3.030303e+00,3.030303e+00,1.515152e+00,3.030303e+00,3.030303e+00,,,,,,,1.515152e+00,,,,3.689065e+00,1.515152e+00,,2.173913e+00,2.173913e+00,3.689065e+00,5.204216e+00,3.689065e+00,3.689065e+00,3.689065e+00,5.204216e+00,5.204216e+00,1.515152e+00,3.030303e+00,3.030303e+00,3.030303e+00,,1.515152e+00,1.515152e+00,1.515152e+00,1.515152e+00,1.515152e+00,1.515152e+00,1.515152e+00,1.515152e+00,,,3.030303e+00,,,,,,,,,2.173913e+00,2.173913e+00,4.347826e+00,4.347826e+00,6.521739e+00,6.521739e+00,8.695652e+00,4.347826e+00,1.475626e+01,1.475626e+01,8.695652e+00,5.862978e+00,5.862978e+00,5.862978e+00,1.515152e+00,4.347826e+00,4.347826e+00,4.347826e+00,4.347826e+00,5.862978e+00,,,,,,,,,,,,,,,,,,5.204216e+00,5.204216e+00,5.204216e+00,5.204216e+00,1.515152e+00,1.515152e+00,1.515152e+00,2.173913e+00,2.173913e+00,,,,,,,,,,,,,,,,,,,,,,,,,,,,,,,,,,,,,,,,7.378129e+00,7.378129e+00,1.475626e+01,1.172596e+01,4.822134e+01,1.956522e+01,8.893280e+00,,,1.515152e+00,1.258235e+01,4.841897e+01,4.545455e+00,,,,,,,,,,,,,,,,,,,,,,,,,,,,,,,,,,,,,,,,,,,,,,,,,,,,,,,,,,,,,,,,,,,,,,,,,,,,,,,,,,,,,,,,,,,,,,,,,,,,,,,,,,,,,,,,,,,,,,,,,,,,,,,,,,,,,,,,,,,,,,,,,,,,,,,,,,,,,,,,,,,,,1.515152e+00,1.515152e+00,1.515152e+00,,,,,,,,,,,,,,,,,,,,,,,,,,,,,,,,,1.515152e+00,,2.173913e+00,3.689065e+00,3.689065e+00,2.173913e+00,2.173913e+00,2.173913e+00,2.173913e+00,2.173913e+00,2.173913e+00,2.173913e+00,,,,2.173913e+00,2.173913e+00,2.173913e+00,,,,,,,,,,,,,,,,,,,,,,,,,,,,,,,,,,,,,,3.689065e+00,3.689065e+00,3.689065e+00,,,,,,,2.173913e+00,,,3.689065e+00,,3.689065e+00,2.173913e+00,2.173913e+00,2.173913e+00,2.173913e+00,,,,,,,,,,,,,,,,,,,,,,,,,,,,,,,,,,,,,,,,,,,,,,,,,3.689065e+00,3.689065e+00,4.545455e+00,4.545455e+00,6.060606e+00,7.575758e+00,9.749670e+00,9.749670e+00,3.689065e+00,3.689065e+00,3.689065e+00,6.719368e+00,3.689065e+00,5.204216e+00,3.689065e+00,5.204216e+00,7.378129e+00,1.515152e+00,3.689065e+00,1.515152e+00,5.204216e+00,3.689065e+00,1.515152e+00,1.515152e+00,1.515152e+00,1.515152e+00,1.515152e+00,1.515152e+00,1.515152e+00,1.515152e+00,1.515152e+00,,,,,,,,1.515152e+00,,1.515152e+00,1.515152e+00,1.515152e+00,1.515152e+00,1.515152e+00,1.515152e+00,4.545455e+00,1.515152e+00,4.545455e+00,1.515152e+00,1.515152e+00,1.515152e+00,1.515152e+00,,,,,,,,,,1.515152e+00,1.515152e+00,,3.030303e+00,3.030303e+00,1.515152e+00,,,,,,,,,1.515152e+00,1.515152e+00,1.515152e+00,1.515152e+00,,,,3.030303e+00,3.030303e+00,3.030303e+00,,1.515152e+00,4.057971e+01,4.347826e+00,1.258235e+01,1.106719e+01,3.030303e+00,5.204216e+00,3.030303e+00,3.030303e+00,3.030303e+00,,3.030303e+00,9.090909e+00,9.090909e+00,9.090909e+00,4.545455e+00,1.515152e+00,,3.102767e+01,1.515152e+00,,1.515152e+00,1.515152e+00,1.515152e+00,1.515152e+00,1.515152e+00,,,,,,,,1.515152e+00,3.030303e+00,3.030303e+00,4.545455e+00,3.030303e+00,,,1.192358e+01,4.545455e+00,4.545455e+00,4.545455e+00,3.030303e+00,3.030303e+00,3.030303e+00,3.030303e+00,6.060606e+00,9.090909e+00,9.090909e+00,6.060606e+00,7.575758e+00,7.575758e+00,1.060606e+01,9.749670e+00,8.234519e+00,9.749670e+00,9.749670e+00,8.234519e+00,8.234519e+00,8.234519e+00,8.234519e+00,6.719368e+00,6.719368e+00,6.719368e+00,6.719368e+00,5.204216e+00,5.204216e+00,5.204216e+00,5.204216e+00,5.204216e+00,9.552042e+00,7.378129e+00,5.204216e+00,5.204216e+00,4.347826e+00,7.378129e+00,2.173913e+00,3.689065e+00,,
,,,,,,,,,,,,,,,,,,,,,,,,,,,,,,4.545455e+00,,,,,,,1.515152e+00,3.030303e+00,3.030303e+00,3.030303e+00,,,,,,,,,,,,,,,2.173913e+00,5.862978e+00,6.060606e+00,3.689065e+00,,2.173913e+00,3.689065e+00,2.173913e+00,,3.030303e+00,1.515152e+00,1.515152e+00,3.030303e+00,3.030303e+00,4.545455e+00,4.545455e+00,,,,,,,1.515152e+00,1.515152e+00,1.515152e+00,1.515152e+00,1.515152e+00,1.515152e+00,1.515152e+00,,,,,,,,,,,,,,,,,2.173913e+00,3.689065e+00,5.204216e+00,5.204216e+00,1.515152e+00,1.515152e+00,5.204216e+00,1.515152e+00,1.515152e+00,5.204216e+00,3.030303e+00,3.030303e+00,1.515152e+00,1.515152e+00,,1.515152e+00,1.515152e+00,1.515152e+00,,,,,3.030303e+00,3.030303e+00,,,,,,,,,2.173913e+00,2.173913e+00,4.347826e+00,4.347826e+00,2.173913e+00,2.173913e+00,2.173913e+00,,1.515152e+00,1.021080e+01,7.378129e+00,8.695652e+00,4.347826e+00,4.347826e+00,2.173913e+00,4.347826e+00,4.347826e+00,5.862978e+00,5.862978e+00,5.862978e+00,1.021080e+01,8.036890e+00,,,,,,,,,,,,,,,,7.378129e+00,7.378129e+00,5.204216e+00,5.204216e+00,3.689065e+00,3.689065e+00,,,,,,,,,,,,,,,,,,,,,,,,,,,,,,,,,,,,,,,,,,,,,,,8.234519e+00,1.475626e+01,4.321476e+01,3.498024e+01,4.321476e+01,,,,1.515152e+00,,,,,,,,,,,,,,,,,,,,,,,,,,,,,,,,,,,,,,,,,,,,,,,,,,,,,,,,,,,,,,,,,,,,,,,,,,,,,,,,,,,,,,,,,,,,,,,,,,,,,,,,,,,,,,,,,,,,,,,,,,,,,,,,,,,,,,,,,,,,,,,,,,,1.515152e+00,1.515152e+00,1.515152e+00,1.515152e+00,,,,,1.515152e+00,1.515152e+00,,,,,,,,,1.515152e+00,,,,,,,,,,,,,,,,,,,,,,,,,,,,,,1.515152e+00,,1.515152e+00,1.515152e+00,1.515152e+00,,,2.173913e+00,2.173913e+00,2.173913e+00,2.173913e+00,2.173913e+00,2.173913e+00,2.173913e+00,,2.173913e+00,2.173913e+00,2.173913e+00,2.173913e+00,2.173913e+00,2.173913e+00,2.173913e+00,,,,,,,,,,,,,,,,,,,,,,,,,,,,,,,,,,3.689065e+00,,,,3.689065e+00,2.173913e+00,2.173913e+00,2.173913e+00,,,,,,,,,,,,,,,2.173913e+00,2.173913e+00,2.173913e+00,2.173913e+00,2.173913e+00,,,,,,,,,,,,,,,,,,,,,,,,,,,,,,,,,,,,,,,,,,,,,,3.689065e+00,3.689065e+00,3.689065e+00,3.689065e+00,3.689065e+00,6.719368e+00,4.545455e+00,9.749670e+00,3.030303e+00,9.749670e+00,9.749670e+00,9.749670e+00,9.749670e+00,3.689065e+00,9.749670e+00,5.204216e+00,5.204216e+00,3.689065e+00,1.515152e+00,1.515152e+00,1.515152e+00,3.030303e+00,1.515152e+00,1.515152e+00,1.515152e+00,1.515152e+00,1.515152e+00,1.515152e+00,3.030303e+00,1.515152e+00,1.515152e+00,,,,,,,,,1.515152e+00,1.515152e+00,1.515152e+00,1.515152e+00,1.515152e+00,3.030303e+00,4.545455e+00,1.515152e+00,4.545455e+00,1.515152e+00,1.515152e+00,1.515152e+00,4.545455e+00,1.515152e+00,,,,,,,,3.030303e+00,,,3.030303e+00,,3.030303e+00,3.030303e+00,,,,,,3.030303e+00,,1.515152e+00,,,2.173913e+00,1.515152e+00,,,1.515152e+00,,3.030303e+00,3.030303e+00,3.030303e+00,3.030303e+00,9.090909e+00,3.906456e+01,3.320158e+01,3.992095e+01,3.840580e+01,9.552042e+00,1.106719e+01,3.689065e+00,,8.036890e+00,8.036890e+00,,2.233202e+01,9.090909e+00,7.575758e+00,6.060606e+00,9.090909e+00,4.545455e+00,,3.689065e+00,3.689065e+00,1.515152e+00,3.030303e+00,3.689065e+00,1.515152e+00,,,,,,,,,3.030303e+00,4.545455e+00,4.545455e+00,9.090909e+00,1.060606e+01,7.575758e+00,7.575758e+00,4.545455e+00,3.030303e+00,3.030303e+00,3.030303e+00,3.030303e+00,3.030303e+00,3.030303e+00,3.030303e+00,6.060606e+00,6.060606e+00,6.060606e+00,7.575758e+00,6.060606e+00,6.060606e+00,9.090909e+00,7.575758e+00,8.234519e+00,9.749670e+00,8.234519e+00,8.234519e+00,8.234519e+00,8.234519e+00,6.719368e+00,9.749670e+00,4.545455e+00,4.545455e+00,5.204216e+00,3.030303e+00,3.030303e+00,5.204216e+00,5.204216e+00,5.204216e+00,5.204216e+00,5.204216e+00,8.893280e+00,5.204216e+00,2.173913e+00,7.378129e+00,3.689065e+00,3.689065e+00,3.689065e+00,
,,,,,,,,,,,,,,,,,,,,,,,,,,,,,1.515152e+00,1.515152e+00,3.030303e+00,,,,,,,,,,,,,,,,,,,,,,,,,,,,,,2.173913e+00,8.234519e+00,3.030303e+00,1.515152e+00,2.173913e+00,2.173913e+00,,,,,,,,,,,,,1.515152e+00,1.515152e+00,,4.347826e+00,2.173913e+00,2.173913e+00,4.347826e+00,3.030303e+00,3.030303e+00,3.030303e+00,3.030303e+00,3.030303e+00,3.030303e+00,3.030303e+00,5.204216e+00,1.515152e+00,1.515152e+00,3.030303e+00,4.545455e+00,8.234519e+00,9.552042e+00,9.552042e+00,8.893280e+00,3.689065e+00,5.862978e+00,3.689065e+00,5.862978e+00,7.378129e+00,7.378129e+00,5.862978e+00,9.552042e+00,1.040843e+01,6.719368e+00,5.204216e+00,5.204216e+00,5.204216e+00,5.204216e+00,5.204216e+00,3.030303e+00,3.030303e+00,3.030303e+00,3.030303e+00,3.030303e+00,3.030303e+00,3.030303e+00,1.515152e+00,1.515152e+00,1.515152e+00,1.515152e+00,1.515152e+00,1.515152e+00,3.030303e+00,4.347826e+00,4.347826e+00,4.347826e+00,4.347826e+00,4.347826e+00,4.347826e+00,4.347826e+00,2.173913e+00,,,2.173913e+00,3.689065e+00,2.173913e+00,2.173913e+00,3.689065e+00,9.552042e+00,1.258235e+01,1.475626e+01,1.475626e+01,1.475626e+01,2.061924e+01,1.910408e+01,1.627141e+01,1.693017e+01,1.693017e+01,1.693017e+01,1.515152e+00,,3.689065e+00,3.030303e+00,,,1.515152e+00,5.862978e+00,1.515152e+00,1.515152e+00,,1.515152e+00,1.515152e+00,1.515152e+00,1.515152e+00,1.515152e+00,1.515152e+00,,,,,,,,,,,,,,,,,,,,,,,,,,,,,,,,,,1.515152e+00,,,,,,1.515152e+00,,,,,,,,,,,,3.030303e+00,7.378129e+00,3.030303e+00,,,,,,,,,,,,,,,,,,,,,,,,,,,,,,,,,,,,,,,,,,,,,,,,,,,,,,,,,,,,,,,,,,,,,,,,,,,,,,,,,,,,,,,,,,,,,,,,,,,,,,,,,,,,,,,,,,,,,,,,,,,,,,,,,,,,,,,,,,,,,,,,,,,,2.173913e+00,3.689065e+00,3.689065e+00,,,,,,,,,,,1.515152e+00,1.515152e+00,1.515152e+00,1.515152e+00,1.515152e+00,1.515152e+00,,,,,,,,,,1.515152e+00,,,,,,,,,,,,,,,,,,,,,,,,,,,,,,,,,,,,,,,,,,,,,,,,,,,,,,,,,,,,,,,,,,,,,,,1.515152e+00,,1.515152e+00,,1.515152e+00,3.030303e+00,1.515152e+00,1.515152e+00,3.030303e+00,1.515152e+00,,,,,,,,,,,,,,,,,,,,,,,,,,,,,,,1.515152e+00,,,,,,,1.515152e+00,3.030303e+00,3.030303e+00,3.030303e+00,3.030303e+00,3.030303e+00,3.030303e+00,3.030303e+00,1.515152e+00,1.515152e+00,1.515152e+00,1.515152e+00,3.030303e+00,3.030303e+00,3.030303e+00,1.515152e+00,1.515152e+00,1.515152e+00,1.515152e+00,1.515152e+00,1.515152e+00,1.515152e+00,1.515152e+00,,,,,,,,,1.515152e+00,1.515152e+00,1.515152e+00,1.515152e+00,1.515152e+00,1.515152e+00,1.515152e+00,,4.545455e+00,6.060606e+00,7.575758e+00,7.575758e+00,7.575758e+00,6.060606e+00,1.515152e+00,1.515152e+00,1.515152e+00,1.515152e+00,1.515152e+00,,1.515152e+00,1.515152e+00,1.515152e+00,1.515152e+00,,,,1.515152e+00,1.515152e+00,,,,,,,,,,,,,2.173913e+00,,,4.545455e+00,4.545455e+00,4.545455e+00,3.030303e+00,4.545455e+00,3.030303e+00,4.545455e+00,,1.515152e+00,1.515152e+00,1.515152e+00,1.515152e+00,1.515152e+00,,1.515152e+00,,,,,,,,,,,,,,,,,,,,,,,1.515152e+00,3.030303e+00,6.060606e+00,6.060606e+00,6.060606e+00,3.030303e+00,3.030303e+00,4.545455e+00,3.820817e+01,4.407114e+01,5.797102e+01,1.258235e+01,2.799736e+01,5.665349e+01,2.213439e+01,1.258235e+01,3.254282e+01,3.030303e+00,1.627141e+01,1.778656e+01,7.378129e+00,6.719368e+00,4.545455e+00,6.719368e+00,9.749670e+00,3.557312e+01,9.749670e+00,6.060606e+00,8.234519e+00,1.409750e+01,7.575758e+00,6.060606e+00,6.060606e+00,7.575758e+00,7.575758e+00,6.060606e+00,6.060606e+00,7.575758e+00,3.030303e+00,7.575758e+00,6.060606e+00,9.090909e+00,1.060606e+01,6.060606e+00,6.060606e+00,4.545455e+00,1.515152e+00,3.689065e+00,5.204216e+00,8.893280e+00,8.893280e+00,7.378129e+00,5.204216e+00,,,6.060606e+00,7.575758e+00,4.545455e+00,6.060606e+00,6.060606e+00,7.575758e+00,3.030303e+00,7.575758e+00,7.575758e+00,7.575758e+00,4.545455e+00,7.575758e+00,4.545455e+00,7.575758e+00,1.060606e+01,1.060606e+01,4.545455e+00,4.545455e+00,4.545455e+00,4.545455e+00,1.515152e+00,3.689065e+00,3.689065e+00,2.173913e+00,,,,,,,,
,,,,,,,,,,,,,,,,,,,,,,,,,,,,,,,,,,,,,,,,,,,,,,,,,,,,,,,,,,,,,3.030303e+00,1.515152e+00,3.030303e+00,,2.173913e+00,2.173913e+00,2.173913e+00,,,,,2.173913e+00,2.476943e+01,3.498024e+01,,2.173913e+00,,,,3.689065e+00,2.173913e+00,2.173913e+00,2.173913e+00,4.347826e+00,4.347826e+00,3.030303e+00,3.030303e+00,3.030303e+00,3.030303e+00,3.030303e+00,3.030303e+00,3.030303e+00,5.204216e+00,6.719368e+00,3.030303e+00,,1.515152e+00,4.545455e+00,9.552042e+00,5.204216e+00,3.689065e+00,3.689065e+00,3.689065e+00,3.689065e+00,3.689065e+00,3.689065e+00,3.689065e+00,3.689065e+00,8.893280e+00,8.893280e+00,8.893280e+00,6.719368e+00,6.719368e+00,5.204216e+00,6.719368e+00,6.719368e+00,4.545455e+00,4.545455e+00,4.545455e+00,4.545455e+00,4.545455e+00,3.030303e+00,3.030303e+00,1.515152e+00,1.515152e+00,1.515152e+00,1.515152e+00,1.515152e+00,3.030303e+00,,,2.173913e+00,2.173913e+00,2.173913e+00,2.173913e+00,,,,,,,,,,,9.552042e+00,1.106719e+01,1.106719e+01,1.258235e+01,1.693017e+01,1.910408e+01,1.475626e+01,1.627141e+01,1.541502e+01,1.693017e+01,1.693017e+01,1.910408e+01,,,1.515152e+00,,3.030303e+00,4.545455e+00,5.862978e+00,5.862978e+00,1.515152e+00,1.515152e+00,3.030303e+00,3.030303e+00,3.030303e+00,1.515152e+00,,,,,,,,,,,,,,,,,,,,,,,,,,,,,,,,,,,,,,5.862978e+00,,7.378129e+00,7.378129e+00,1.324111e+01,1.258235e+01,,,,,,,,,,,,,,,,,,,,,,,,,,,,,,,,,,,,,,,,,,,,,,,,,,,,,,,,,,,,,,,,,,,,,,,,,,,,,,,,,,,,,,,,,,,,,,,,,,,,,,,,,,,,,,,,,,,,,,,,,,,,,,,,,,,,,,,,,,,,,,,,,,,,,,,,,,,,,,,,,,,1.515152e+00,,,,,,,,,1.515152e+00,1.515152e+00,1.515152e+00,1.515152e+00,1.515152e+00,1.515152e+00,,,1.515152e+00,,,,,,,,,1.515152e+00,1.515152e+00,,,,,,,,,,,,,,,,,,,,,,,,,,,,,,,,,,,,,2.173913e+00,,,,,,,,,,,,,,,,,,,,,,,,,,,,,,,,,1.515152e+00,1.515152e+00,1.515152e+00,,,1.515152e+00,1.515152e+00,1.515152e+00,1.515152e+00,1.515152e+00,,,,,,,,,,,,,,,,,,,,,,,,,,,,,,,,,,,,,,1.515152e+00,3.030303e+00,3.030303e+00,3.030303e+00,3.030303e+00,3.030303e+00,3.030303e+00,3.030303e+00,3.030303e+00,1.515152e+00,1.515152e+00,1.515152e+00,1.515152e+00,3.030303e+00,3.030303e+00,1.515152e+00,1.515152e+00,1.515152e+00,1.515152e+00,1.515152e+00,1.515152e+00,1.515152e+00,1.515152e+00,,,,,,,,,3.030303e+00,,,1.515152e+00,1.515152e+00,1.515152e+00,1.515152e+00,,1.515152e+00,3.030303e+00,4.545455e+00,6.060606e+00,6.060606e+00,3.030303e+00,,1.515152e+00,1.515152e+00,1.515152e+00,1.515152e+00,,1.515152e+00,1.515152e+00,1.515152e+00,1.515152e+00,,,1.515152e+00,,,,,,,,,,,,,,,,,,4.545455e+00,4.545455e+00,4.545455e+00,4.545455e+00,4.545455e+00,4.545455e+00,6.060606e+00,3.030303e+00,,1.515152e+00,,1.515152e+00,1.515152e+00,1.515152e+00,1.515152e+00,,,,,,,,,,,,,,,,,,,,,,,3.030303e+00,1.126482e+01,8.234519e+00,6.719368e+00,6.719368e+00,8.234519e+00,8.234519e+00,4.545455e+00,4.545455e+00,1.778656e+01,4.545455e+00,3.339921e+01,4.143610e+01,3.774704e+01,2.905138e+01,1.778656e+01,2.819499e+01,2.081686e+01,5.204216e+00,2.233202e+01,7.378129e+00,8.893280e+00,1.409750e+01,9.749670e+00,8.234519e+00,9.749670e+00,9.749670e+00,1.561265e+01,1.409750e+01,1.409750e+01,9.749670e+00,7.575758e+00,7.575758e+00,7.575758e+00,9.090909e+00,7.575758e+00,7.575758e+00,7.575758e+00,4.545455e+00,4.545455e+00,3.030303e+00,7.575758e+00,,,,,5.204216e+00,,8.893280e+00,8.893280e+00,5.204216e+00,7.378129e+00,7.378129e+00,,,6.060606e+00,6.060606e+00,4.545455e+00,1.515152e+00,1.515152e+00,3.030303e+00,3.030303e+00,7.575758e+00,6.060606e+00,7.575758e+00,3.030303e+00,4.545455e+00,4.545455e+00,1.060606e+01,7.575758e+00,3.030303e+00,1.515152e+00,3.030303e+00,3.030303e+00,1.515152e+00,,,,,,,,,,,,
,,,,,,,,,,,,,,,,,,,,,,,,,,,,,,1.515152e+00,3.030303e+00,,,,,,,,,,,,,,,,,,,,,,,,,,,,,,5.204216e+00,,,,1.515152e+00,,,2.173913e+00,3.689065e+00,2.173913e+00,,,,,,,,,,,3.689065e+00,1.515152e+00,1.515152e+00,2.173913e+00,2.173913e+00,3.030303e+00,3.030303e+00,3.030303e+00,3.030303e+00,3.030303e+00,3.030303e+00,3.030303e+00,3.030303e+00,3.030303e+00,6.060606e+00,1.106719e+01,9.552042e+00,9.552042e+00,9.552042e+00,5.204216e+00,1.515152e+00,3.689065e+00,3.689065e+00,3.689065e+00,3.689065e+00,3.689065e+00,1.515152e+00,3.689065e+00,7.378129e+00,7.378129e+00,8.893280e+00,8.893280e+00,5.204216e+00,5.204216e+00,5.204216e+00,4.545455e+00,4.545455e+00,4.545455e+00,4.545455e+00,4.545455e+00,4.545455e+00,4.545455e+00,3.030303e+00,1.515152e+00,1.515152e+00,3.030303e+00,4.545455e+00,3.030303e+00,3.030303e+00,1.515152e+00,,,,,,,,,,,,,,1.515152e+00,,5.204216e+00,1.106719e+01,1.106719e+01,1.106719e+01,1.106719e+01,1.258235e+01,1.693017e+01,1.627141e+01,1.324111e+01,1.541502e+01,1.693017e+01,1.693017e+01,1.693017e+01,1.693017e+01,1.693017e+01,,3.030303e+00,7.378129e+00,,4.347826e+00,,3.030303e+00,3.030303e+00,5.204216e+00,5.204216e+00,3.689065e+00,,,,,,,,,,,,,,,,,,,,,,,,,,,,,,,,,1.515152e+00,,,,,,,1.515152e+00,5.862978e+00,5.862978e+00,1.778656e+01,1.627141e+01,,,,,,,,,,,,,,,,,,,,,,,,,,,,,,,,,,,,,,,,,,,,,,,,,,,,,,,,,,,,,,,,,,,,,,,,,,,,,,,,,,,,,,,,,,,,,,,,,,,,,,,,,,,,,,,,,,,,,,,,,,,,,,,,,,,,,,,,,,,,,,,,,,,,,,,,,,,,,,,,,3.689065e+00,3.689065e+00,,,,,,,,,,1.515152e+00,1.515152e+00,1.515152e+00,1.515152e+00,1.515152e+00,,1.515152e+00,,,,,,,,,,,1.515152e+00,1.515152e+00,,,,,,,,,,,,1.515152e+00,,,,,0.000000e+00,,,,,,,,,,,,,,,,,,2.173913e+00,2.173913e+00,,,,,,,,,,,,,,,,,,,,,,,,,,,,,,,,,,1.515152e+00,1.515152e+00,,1.515152e+00,3.030303e+00,1.515152e+00,1.515152e+00,1.515152e+00,1.515152e+00,,,,,,,,,,,,,,,,,,,,,,,,,,,,,,,,,,,,,,1.515152e+00,3.030303e+00,3.030303e+00,3.030303e+00,3.030303e+00,3.030303e+00,3.030303e+00,3.030303e+00,3.030303e+00,3.030303e+00,3.030303e+00,3.030303e+00,3.030303e+00,3.030303e+00,1.515152e+00,1.515152e+00,1.515152e+00,1.515152e+00,1.515152e+00,1.515152e+00,1.515152e+00,1.515152e+00,1.515152e+00,,,,,,,,3.030303e+00,1.515152e+00,3.030303e+00,1.515152e+00,1.515152e+00,1.515152e+00,1.515152e+00,1.515152e+00,1.515152e+00,3.030303e+00,3.030303e+00,3.030303e+00,3.030303e+00,3.030303e+00,6.060606e+00,,1.515152e+00,1.515152e+00,1.515152e+00,1.515152e+00,1.515152e+00,1.515152e+00,1.515152e+00,,1.515152e+00,,1.515152e+00,,,,,,,,,,,,,,,,,,,4.545455e+00,4.545455e+00,4.545455e+00,4.545455e+00,4.545455e+00,4.545455e+00,4.545455e+00,3.030303e+00,1.515152e+00,1.515152e+00,,1.515152e+00,1.515152e+00,,1.515152e+00,,,,,,,,,,,,,,,,,,,,,,,,6.719368e+00,6.719368e+00,6.719368e+00,6.719368e+00,8.234519e+00,6.060606e+00,6.060606e+00,6.060606e+00,1.258235e+01,8.893280e+00,8.893280e+00,8.893280e+00,8.893280e+00,8.893280e+00,1.106719e+01,1.778656e+01,1.930171e+01,8.893280e+00,1.106719e+01,7.378129e+00,1.930171e+01,1.778656e+01,9.090909e+00,6.060606e+00,9.749670e+00,9.749670e+00,1.126482e+01,9.749670e+00,9.749670e+00,9.749670e+00,6.060606e+00,6.060606e+00,6.060606e+00,6.060606e+00,6.060606e+00,7.575758e+00,6.060606e+00,3.030303e+00,1.515152e+00,,,,,,,,8.893280e+00,7.378129e+00,7.378129e+00,,,,,,1.515152e+00,3.030303e+00,6.060606e+00,4.545455e+00,4.545455e+00,4.545455e+00,3.030303e+00,6.060606e+00,3.030303e+00,3.030303e+00,6.060606e+00,4.545455e+00,7.575758e+00,4.545455e+00,4.545455e+00,6.060606e+00,4.545455e+00,1.515152e+00,,,,,,,,,,,,,,
,,,,,,,,,,,,,,,,,,,,,,,,,,,,,,,,,,,,,,,,,,,,,,,,,,,,,,,,,,,,,,,,,,,,,,,1.515152e+00,,,,,,,,,,,,,2.173913e+00,,,,1.515152e+00,1.515152e+00,1.515152e+00,1.515152e+00,1.515152e+00,1.515152e+00,1.515152e+00,1.515152e+00,,1.515152e+00,5.204216e+00,1.515152e+00,1.515152e+00,3.689065e+00,3.689065e+00,3.689065e+00,3.689065e+00,3.689065e+00,3.689065e+00,3.689065e+00,3.689065e+00,5.204216e+00,7.378129e+00,6.719368e+00,5.204216e+00,5.204216e+00,5.204216e+00,5.204216e+00,6.719368e+00,5.204216e+00,3.030303e+00,3.030303e+00,3.030303e+00,3.030303e+00,3.030303e+00,3.030303e+00,1.515152e+00,3.030303e+00,3.030303e+00,3.030303e+00,3.030303e+00,3.030303e+00,3.030303e+00,,,,,,,,,,,,,,3.689065e+00,3.689065e+00,5.204216e+00,6.719368e+00,6.719368e+00,1.106719e+01,1.106719e+01,1.106719e+01,1.106719e+01,9.552042e+00,1.106719e+01,1.106719e+01,1.106719e+01,1.541502e+01,1.541502e+01,1.541502e+01,1.106719e+01,5.204216e+00,,,,,1.515152e+00,1.515152e+00,3.030303e+00,2.173913e+00,,,,,,,,,,,,,,,,,,,,,,,,,,,,,,,,,,,,,,,,,,,,,1.515152e+00,1.515152e+00,1.515152e+00,,,,,,,,,,,,,,,,,,,,,,,,,,,,,,,,,,,,,,,,,,,,,,,,,,,,,,,,,,,,,,,,,,,,,,,,,,,,,,,,,,,,,,,,,,,,,,,,,,,,,,,,,,,,,,,,,,,,,,,,,,,,,,,,,,,,,,,,,,,,,,,,,,,,,,,,,,,,,,,,,,,,,,,,,,,,1.515152e+00,,,,,1.515152e+00,,,,,,,,,,,,,,,,,,,,,,,,,,,,,0.000000e+00,0.000000e+00,0.000000e+00,,,,,,,,2.173913e+00,,,,,,2.173913e+00,,2.173913e+00,2.173913e+00,2.173913e+00,,,,,,,,,,,,,,,,,,,,,,,,,,,,,,,,,,3.030303e+00,,3.030303e+00,3.030303e+00,3.030303e+00,1.515152e+00,1.515152e+00,1.515152e+00,,,1.515152e+00,,,1.515152e+00,,,,,,,,,,,,,,,,,,,,,,,,,,1.515152e+00,1.515152e+00,,,,,1.515152e+00,3.030303e+00,3.030303e+00,3.030303e+00,3.030303e+00,3.030303e+00,3.030303e+00,3.030303e+00,4.545455e+00,4.545455e+00,4.545455e+00,4.545455e+00,6.060606e+00,4.545455e+00,4.545455e+00,4.545455e+00,1.515152e+00,1.515152e+00,1.515152e+00,1.515152e+00,1.515152e+00,1.515152e+00,1.515152e+00,,,,,,,,,3.030303e+00,,,,,,,3.030303e+00,3.030303e+00,3.030303e+00,3.030303e+00,3.030303e+00,1.515152e+00,3.030303e+00,,1.515152e+00,1.515152e+00,1.515152e+00,,1.515152e+00,1.515152e+00,,1.515152e+00,,,,,,,,,,,,,,,1.515152e+00,,,,,3.030303e+00,6.719368e+00,4.545455e+00,4.545455e+00,3.030303e+00,4.545455e+00,4.545455e+00,4.545455e+00,4.545455e+00,1.515152e+00,1.515152e+00,,1.515152e+00,,1.515152e+00,1.515152e+00,1.515152e+00,,,,,,,,,,,,,,,,,,,,,,,3.030303e+00,4.545455e+00,4.545455e+00,8.234519e+00,4.545455e+00,4.545455e+00,4.545455e+00,6.060606e+00,6.719368e+00,8.893280e+00,8.893280e+00,1.040843e+01,8.893280e+00,8.893280e+00,1.040843e+01,8.893280e+00,3.689065e+00,3.689065e+00,1.515152e+00,1.515152e+00,3.689065e+00,1.515152e+00,3.689065e+00,6.060606e+00,7.575758e+00,9.749670e+00,9.749670e+00,9.749670e+00,7.575758e+00,9.749670e+00,9.749670e+00,7.575758e+00,7.575758e+00,7.575758e+00,9.090909e+00,7.575758e+00,6.060606e+00,9.090909e+00,7.575758e+00,,,,,,,,,,5.204216e+00,,,,,,,,4.545455e+00,4.545455e+00,4.545455e+00,3.030303e+00,1.515152e+00,3.030303e+00,,,,,7.575758e+00,7.575758e+00,3.030303e+00,1.515152e+00,,,,,,,,,,,,,,,,,
,,,,,,,,,,,,,,,,,,,,,,,,,,,,,,,,,,,,,,,,,,,,,,,,,,,,,,,,,,,,,,,,,,,,,,,,,,,,,,,,,,,,,,,,,,,,,,,,,3.689065e+00,,,,1.515152e+00,1.515152e+00,1.515152e+00,1.515152e+00,1.515152e+00,1.515152e+00,1.515152e+00,1.515152e+00,,,,,,,,1.515152e+00,3.030303e+00,3.030303e+00,3.030303e+00,,3.030303e+00,3.030303e+00,3.030303e+00,4.545455e+00,3.030303e+00,3.030303e+00,3.030303e+00,1.515152e+00,1.515152e+00,,,,,,,,,,,,,,,2.173913e+00,4.347826e+00,1.515152e+00,1.515152e+00,3.030303e+00,3.030303e+00,3.030303e+00,3.030303e+00,3.030303e+00,3.030303e+00,3.030303e+00,3.030303e+00,3.030303e+00,7.378129e+00,3.030303e+00,1.515152e+00,1.515152e+00,1.515152e+00,,,,1.515152e+00,1.515152e+00,3.030303e+00,1.515152e+00,8.234519e+00,8.234519e+00,,,,,,,,,,,,,,,,,,,,,,,,,,,,,,,,,,,,,,,,,,,,1.515152e+00,1.515152e+00,1.515152e+00,1.515152e+00,1.515152e+00,,,,,3.030303e+00,,,,,,,,,,,,,,,,,,,,,,,,,,,,,,,,,,,,,,,,,,,,,,,,,,,,,,,,,,,,,,,,,,,,,,,,,,,,,,,,,,,,,,,,,,,,,,,,,,,,,,,,,,,,,,,,,,,,,,,,,,,,,,,,,,,,,,,,,,,,,,,,,,,,,,,,,,,,,,,,,,,,,,,,,,,,,,,,,,,,,,,,,,,,,,,,,,,,,,,,,,,,,,,,,,,,,,,,,,,,,,,,,,1.515152e+00,,,,,,,,,,1.515152e+00,,,,,,,,,,,,,,,,,3.030303e+00,6.060606e+00,9.749670e+00,4.545455e+00,4.545455e+00,4.545455e+00,6.060606e+00,6.060606e+00,1.515152e+00,1.515152e+00,1.515152e+00,1.515152e+00,1.515152e+00,1.515152e+00,1.515152e+00,1.515152e+00,1.515152e+00,1.515152e+00,1.515152e+00,1.515152e+00,1.515152e+00,1.515152e+00,1.515152e+00,,,,,,,,,,,,,,,,1.515152e+00,,,3.030303e+00,3.030303e+00,1.515152e+00,1.515152e+00,3.030303e+00,4.545455e+00,3.030303e+00,3.030303e+00,4.545455e+00,4.545455e+00,3.030303e+00,3.030303e+00,4.545455e+00,4.545455e+00,4.545455e+00,4.545455e+00,4.545455e+00,4.545455e+00,6.060606e+00,4.545455e+00,4.545455e+00,4.545455e+00,3.030303e+00,1.515152e+00,3.030303e+00,1.515152e+00,1.515152e+00,,,,,,,,,,,,,,,,5.862978e+00,1.515152e+00,1.515152e+00,2.173913e+00,,,3.689065e+00,,,,,,,,,,,,,,,,1.515152e+00,3.030303e+00,3.030303e+00,3.030303e+00,,,,1.515152e+00,3.030303e+00,3.030303e+00,3.030303e+00,3.030303e+00,3.030303e+00,3.030303e+00,3.030303e+00,3.030303e+00,3.030303e+00,3.030303e+00,3.030303e+00,1.515152e+00,,3.030303e+00,1.515152e+00,,,,,,,,,,,,,,,,,,,,,,,,,,,,,,,6.719368e+00,4.545455e+00,6.060606e+00,4.545455e+00,4.545455e+00,4.545455e+00,1.515152e+00,7.378129e+00,7.378129e+00,8.893280e+00,7.378129e+00,7.378129e+00,7.378129e+00,8.893280e+00,7.378129e+00,1.515152e+00,1.515152e+00,3.689065e+00,1.515152e+00,1.515152e+00,1.515152e+00,1.515152e+00,3.030303e+00,6.060606e+00,6.060606e+00,7.575758e+00,9.749670e+00,9.749670e+00,7.575758e+00,3.030303e+00,7.575758e+00,7.575758e+00,7.575758e+00,7.575758e+00,3.030303e+00,,,,,,,,,,,,,,,,1.515152e+00,,,,3.030303e+00,3.030303e+00,3.030303e+00,,,1.515152e+00,,,,,,,1.515152e+00,,,,,,,,,,,,,,,,,,,
,,,,,,,,,,,,,,,,,,,,,,,,,,,,,,,,,,,,,,,,,,,,,,,,,,,,,,,,,,,,,,,,,,,,,,,,,,,,,,,,,,,,,,,,,,,,,,,,,3.689065e+00,3.689065e+00,3.689065e+00,,1.515152e+00,1.515152e+00,1.515152e+00,1.515152e+00,1.515152e+00,1.515152e+00,1.515152e+00,1.515152e+00,,,,,,,,,1.515152e+00,1.515152e+00,3.030303e+00,3.030303e+00,3.030303e+00,3.030303e+00,3.030303e+00,4.545455e+00,3.030303e+00,1.515152e+00,1.515152e+00,1.515152e+00,3.030303e+00,3.030303e+00,2.173913e+00,,,,,,,,,2.173913e+00,2.173913e+00,,,,,,,,,,1.515152e+00,1.515152e+00,3.030303e+00,3.030303e+00,3.030303e+00,3.030303e+00,3.030303e+00,3.030303e+00,3.030303e+00,1.515152e+00,,,,1.515152e+00,1.515152e+00,1.515152e+00,1.515152e+00,1.515152e+00,3.689065e+00,,,,,,,,,,,,,,,,,,,,,,,,,,,,,,,,,,,,,,,,,,,,,,,,,,,,,,,,,,,,3.030303e+00,,,,,,,,,,,,,,,,,,,,,,,,,,,,,,,,,,,,,,,,,,,,,,,,,,,,,,,,,,,,,,,,,,,,,,,,,,,,,,,,,,,,,,,,,,,,,,,,,,,,,,,,,,,,,,,,,,,,,,,,,,,,,,,,,,,,,,,,,,,,,,,,,,,,,,,,,,,,,,,,,,,,,,,,,,,,,,,,,,,,,,,,,,,,,,,,,,,,,,,,,,,,,,,,,,,,,,,,,,,,,,,,,,,,,,,,,,,,,,,,,,,,,,,4.545455e+00,,3.030303e+00,4.545455e+00,6.060606e+00,6.060606e+00,6.060606e+00,6.060606e+00,8.893280e+00,3.689065e+00,3.689065e+00,1.515152e+00,1.515152e+00,1.515152e+00,1.515152e+00,1.515152e+00,1.515152e+00,1.515152e+00,1.515152e+00,1.515152e+00,1.515152e+00,1.515152e+00,,,,,,,,,,,,,,,,1.515152e+00,1.515152e+00,,,,,3.030303e+00,3.030303e+00,4.545455e+00,4.545455e+00,4.545455e+00,4.545455e+00,4.545455e+00,4.545455e+00,4.545455e+00,4.545455e+00,4.545455e+00,4.545455e+00,4.545455e+00,4.545455e+00,4.545455e+00,4.545455e+00,4.545455e+00,4.545455e+00,4.545455e+00,4.545455e+00,4.545455e+00,4.545455e+00,4.545455e+00,8.234519e+00,5.204216e+00,,,,,,,,,,,,,,,,2.173913e+00,,2.173913e+00,,1.515152e+00,,,,,,,,,,,,,,,,,,3.030303e+00,3.030303e+00,3.030303e+00,3.030303e+00,,3.030303e+00,3.030303e+00,3.030303e+00,3.030303e+00,3.030303e+00,3.030303e+00,3.030303e+00,3.030303e+00,3.030303e+00,3.030303e+00,3.030303e+00,3.030303e+00,1.515152e+00,,1.515152e+00,1.515152e+00,,,,,,,,,,,,,,,,,,,,,,,,,,,,,,,,3.030303e+00,4.545455e+00,4.545455e+00,4.545455e+00,4.545455e+00,3.030303e+00,3.030303e+00,1.515152e+00,7.378129e+00,7.378129e+00,7.378129e+00,7.378129e+00,3.030303e+00,3.030303e+00,7.378129e+00,5.204216e+00,1.515152e+00,3.689065e+00,3.689065e+00,1.515152e+00,3.689065e+00,3.689065e+00,,,,,,,,,,4.545455e+00,4.545455e+00,,,,,,,,,,,,,,,,,,3.689065e+00,,1.515152e+00,,,,,,,,,,,,,,,,,,,,,,,,,,,,,,,,,,
,,,,,,,,,,,,,,,,,,,,,,,,,,,,,,,,,,,,,,,,,,,,,,,,,,,,,,,,,,,,,,,,,,,,,,,,,,,,,,,,,,,,,,,,,,,,,,,,,,,3.689065e+00,,1.515152e+00,1.515152e+00,3.689065e+00,1.515152e+00,1.515152e+00,1.515152e+00,1.515152e+00,1.515152e+00,,,,,,,,,1.515152e+00,1.515152e+00,,1.515152e+00,,1.515152e+00,1.515152e+00,3.030303e+00,3.030303e+00,3.030303e+00,4.545455e+00,4.545455e+00,3.030303e+00,1.515152e+00,1.515152e+00,,2.173913e+00,2.173913e+00,,,,,,2.173913e+00,2.173913e+00,,,,,,,,,,,,,,,1.515152e+00,3.030303e+00,3.030303e+00,3.030303e+00,3.030303e+00,,,,1.515152e+00,1.515152e+00,1.515152e+00,1.515152e+00,1.515152e+00,2.173913e+00,,,,,,,,,,,,,,,,,,,,,,,,,,,,,,,,,,,,,,,,,,,,,,,,,,,,1.515152e+00,,,,,,,,3.030303e+00,,,,,,,,,,,,,,,,,,,,,,,,,,,,,,,,,,,,,,,,,,,,,,,,,,,,,,,,,,,,,,,,,,,,,,,,,,,,,,,,,,,,,,,,,,,,,,,,,,,,,,,,,,,,,,,,,,,,,,,,,,,,,,,,,,,,,,,,,,,,,,,,,,,,,,,,,,,,,,,,,,,,,,,,,,,,,,,,,,,,,,,,,,,,,,,,,,,,,,,,,,,,,,,,,,,,,,,,,,,,,,,,,,,,,,,,,,,,,,,,,,,,,,,1.515152e+00,1.515152e+00,3.030303e+00,6.060606e+00,6.060606e+00,6.060606e+00,4.545455e+00,3.030303e+00,8.893280e+00,8.893280e+00,4.545455e+00,4.545455e+00,3.689065e+00,1.515152e+00,1.515152e+00,1.515152e+00,1.515152e+00,1.515152e+00,1.515152e+00,1.515152e+00,1.515152e+00,1.515152e+00,,,,,,,,,1.515152e+00,1.515152e+00,,,1.515152e+00,1.515152e+00,1.515152e+00,1.515152e+00,1.515152e+00,1.515152e+00,,1.515152e+00,1.515152e+00,3.030303e+00,,4.545455e+00,4.545455e+00,6.060606e+00,4.545455e+00,4.545455e+00,4.545455e+00,4.545455e+00,4.545455e+00,4.545455e+00,4.545455e+00,4.545455e+00,6.060606e+00,6.060606e+00,1.040843e+01,6.060606e+00,1.040843e+01,6.719368e+00,3.030303e+00,3.030303e+00,4.545455e+00,4.545455e+00,6.060606e+00,3.030303e+00,,2.173913e+00,,,,,3.030303e+00,,,,,,,,,2.173913e+00,2.173913e+00,,,2.173913e+00,,,,,2.173913e+00,,,,,,,,,,,,,,3.030303e+00,,3.030303e+00,3.030303e+00,,,3.030303e+00,4.545455e+00,6.719368e+00,3.030303e+00,3.030303e+00,3.030303e+00,3.030303e+00,3.030303e+00,3.030303e+00,3.030303e+00,3.030303e+00,3.030303e+00,3.030303e+00,1.515152e+00,,,,,,,,,,1.515152e+00,,,,,,,,,,,,,,,,,2.173913e+00,,,,,,3.030303e+00,4.545455e+00,4.545455e+00,3.030303e+00,3.030303e+00,3.030303e+00,5.204216e+00,7.378129e+00,7.378129e+00,3.030303e+00,7.378129e+00,,,,,,,,1.515152e+00,,,,,,,,,,,,,4.545455e+00,1.515152e+00,,,,,,,,,,,,,,,3.030303e+00,,,1.515152e+00,,,,,,,,,,,,,,,,,,,,,,,,,,,,,,,,,,,
,,,,,,,,,,,,,,,,,,,,,,,,,,,,,,,,,,,,,,,,,,,,,,,,,,,,,,,,,,,,,,,,,,,,,,,,,,,,,,,,,,,,,1.304348e+01,,,,,,,,,,,,,,,,3.689065e+00,3.689065e+00,1.515152e+00,3.689065e+00,3.689065e+00,5.862978e+00,8.036890e+00,3.689065e+00,,,,,,,,,,,,,2.173913e+00,2.173913e+00,,1.515152e+00,1.515152e+00,1.515152e+00,1.515152e+00,1.515152e+00,1.515152e+00,1.515152e+00,,,,,,,,2.173913e+00,2.173913e+00,4.347826e+00,4.347826e+00,4.347826e+00,2.173913e+00,,,,,,,,,,1.515152e+00,3.030303e+00,3.030303e+00,3.030303e+00,3.030303e+00,3.030303e+00,3.030303e+00,3.689065e+00,3.030303e+00,,,3.030303e+00,3.030303e+00,3.030303e+00,3.030303e+00,3.030303e+00,3.030303e+00,1.515152e+00,1.515152e+00,1.515152e+00,1.515152e+00,,,,,,,,,,,,,,,,,,,,,,,,,,,,,,,,,,,,,,,,,,,,,,,,,1.515152e+00,,,,,3.030303e+00,3.030303e+00,,,,1.515152e+00,,,,,,,,,,,,,,,,,,,,,,,,,,,,,,,,,,,,,,,,,,,,,,,,,,,,,,,,,,,,,,,,,,,,,,,,,,,,,,,,,,,,,,,,,,,,,,,,,,,,,,,,,,,,,,,,,,,,,,,,,,,,,,,,,,,,,,,,,,,,,,,,,,,,,,,,,,,,,,,,,,,,,,,,,,,,,,,,,,,,,,,,,,,,,,,,,,,,,,,,,,,,,,,,,,,,,,,,,,,,,,,,,,,,,,,,,,,,,,,,,,,,,,1.515152e+00,1.515152e+00,3.030303e+00,3.030303e+00,3.030303e+00,3.030303e+00,4.545455e+00,4.545455e+00,6.719368e+00,6.719368e+00,4.545455e+00,3.030303e+00,3.030303e+00,1.515152e+00,,,1.515152e+00,3.689065e+00,3.689065e+00,1.515152e+00,,,2.173913e+00,2.173913e+00,2.173913e+00,2.173913e+00,2.173913e+00,2.173913e+00,,,,,,,,,1.515152e+00,1.515152e+00,4.545455e+00,1.515152e+00,3.030303e+00,4.545455e+00,6.719368e+00,4.545455e+00,8.234519e+00,8.234519e+00,1.040843e+01,1.040843e+01,8.893280e+00,1.040843e+01,1.040843e+01,1.040843e+01,1.040843e+01,1.040843e+01,1.040843e+01,1.040843e+01,1.040843e+01,1.040843e+01,8.234519e+00,8.234519e+00,8.234519e+00,8.234519e+00,8.234519e+00,8.234519e+00,8.234519e+00,8.234519e+00,,,1.515152e+00,,2.173913e+00,3.030303e+00,3.689065e+00,,,,,,,,,,,2.173913e+00,,,,,,,,,,,,,,,,,,,3.030303e+00,3.030303e+00,3.030303e+00,3.030303e+00,,,,,3.030303e+00,4.545455e+00,6.060606e+00,3.030303e+00,3.030303e+00,3.030303e+00,3.030303e+00,3.030303e+00,1.515152e+00,1.515152e+00,1.515152e+00,1.515152e+00,1.515152e+00,1.515152e+00,1.515152e+00,1.515152e+00,1.515152e+00,4.545455e+00,3.030303e+00,3.030303e+00,4.545455e+00,3.030303e+00,3.030303e+00,4.545455e+00,6.060606e+00,4.545455e+00,4.545455e+00,4.545455e+00,4.545455e+00,3.030303e+00,,,,,,,,,,,,,,,,,3.030303e+00,3.030303e+00,3.030303e+00,3.030303e+00,3.030303e+00,3.030303e+00,6.719368e+00,3.030303e+00,4.545455e+00,1.515152e+00,,,,,,,,,,,,,,,,,,,,,,,,,,,,,,,,,,,,,,5.204216e+00,1.515152e+00,,,,,,,,,,,,,,,,,,,,,,,,,,,,,,,,,,,,,
,,,,,,,,,,,,,,,,,,,,,,,,,,,,,,,,,,,,,,,,,,,,,,,,,,,,,,,,,,,,,,,,,,,,,,,,,,,,,,,,,,,,,,,,,,,,,,,,,,,,,,,,1.515152e+00,1.515152e+00,,1.515152e+00,3.030303e+00,,3.030303e+00,,,,,,,,,,,,,,,,,,,,,,,,,,,,,,,,,,,,,,,,,,,,1.515152e+00,3.030303e+00,3.030303e+00,7.378129e+00,7.378129e+00,7.378129e+00,7.378129e+00,3.030303e+00,1.515152e+00,4.545455e+00,4.545455e+00,4.545455e+00,3.030303e+00,3.030303e+00,3.030303e+00,1.515152e+00,1.515152e+00,1.515152e+00,1.515152e+00,1.515152e+00,,,,,,,,,,,,,,,,,,,,,,,,,,,,,,,,,,,,,,,,,,,,,,,,,,,,,,,,,1.515152e+00,1.515152e+00,,,,,,,,,,,,,,,,,,,,,,,,,,,,,,,,,,,,,,,,,,,,,,,,,,,,,,,,,,,,,,,,,,,,,,,,,,,,,,,,,,,,,,,,,,,,,,,,,,,,,,,,,,,,,,,,,,,,,,,,,,,,,,,,,,,,,,,,,,,,,,,,,,,,,,,,,,,,,,,,,,,,,,,,,,,,,,,,,,,,,,,,,,,,,,,,,,,,,,,,,,,,,,,,,,,,,,,,,,,,,,,,,,,,,,,,,,,,,3.689065e+00,3.689065e+00,2.173913e+00,2.173913e+00,2.173913e+00,2.173913e+00,2.173913e+00,2.173913e+00,3.030303e+00,3.030303e+00,3.030303e+00,3.030303e+00,4.545455e+00,4.545455e+00,4.545455e+00,3.030303e+00,4.545455e+00,6.060606e+00,6.060606e+00,4.545455e+00,6.060606e+00,6.060606e+00,1.515152e+00,4.347826e+00,4.347826e+00,4.347826e+00,4.347826e+00,4.347826e+00,4.347826e+00,4.347826e+00,4.347826e+00,2.173913e+00,4.347826e+00,4.347826e+00,4.347826e+00,4.347826e+00,2.173913e+00,2.173913e+00,,,,,,,,,4.545455e+00,4.545455e+00,3.030303e+00,4.545455e+00,4.545455e+00,4.545455e+00,4.545455e+00,6.719368e+00,8.893280e+00,4.545455e+00,4.545455e+00,1.040843e+01,1.040843e+01,1.040843e+01,1.040843e+01,8.234519e+00,8.234519e+00,8.234519e+00,8.234519e+00,8.234519e+00,8.234519e+00,1.040843e+01,1.040843e+01,1.040843e+01,1.040843e+01,1.040843e+01,8.234519e+00,1.040843e+01,1.040843e+01,1.040843e+01,,,,,,4.347826e+00,2.173913e+00,,,,,,,,,,,,,,,,,,,,,,,,3.030303e+00,,,,,,1.515152e+00,3.030303e+00,3.030303e+00,3.030303e+00,3.030303e+00,3.030303e+00,1.515152e+00,3.030303e+00,3.030303e+00,4.545455e+00,6.060606e+00,6.060606e+00,6.060606e+00,6.060606e+00,6.060606e+00,6.060606e+00,4.545455e+00,3.030303e+00,6.719368e+00,3.030303e+00,3.030303e+00,3.030303e+00,3.030303e+00,4.545455e+00,4.545455e+00,6.060606e+00,4.545455e+00,4.545455e+00,4.545455e+00,4.545455e+00,4.545455e+00,6.060606e+00,7.575758e+00,7.575758e+00,7.575758e+00,9.090909e+00,6.060606e+00,6.060606e+00,6.060606e+00,,,,2.173913e+00,2.173913e+00,2.173913e+00,2.173913e+00,,,,,,,,,3.030303e+00,3.030303e+00,3.030303e+00,8.893280e+00,8.234519e+00,1.475626e+01,1.475626e+01,,,,,,,,,,,,,,,,,,,,,,,,,,,,,,,,,,,,,3.030303e+00,3.030303e+00,,,,,,,,,,,,,,,,,,,,,,,,,,,,,,,,,,,,,,,,,
,,,,,,,,,,,,,,,,,,,,,,,,,,,,,,,,,,,,,,,,,,,,,,,,,,,,,,,,,,,,,,,,,,,,,,,,,,,,,,,,,,,,,,,,,,,,,,,,,,,,,,1.515152e+00,1.515152e+00,3.030303e+00,3.030303e+00,1.515152e+00,,,,,,,,,,,,,,,,,2.173913e+00,,,,,,,,,,1.515152e+00,1.515152e+00,,,,,,,,,,,,,,,,,,,,,,1.515152e+00,1.515152e+00,1.515152e+00,1.515152e+00,1.515152e+00,1.515152e+00,,1.515152e+00,1.515152e+00,4.545455e+00,1.515152e+00,1.515152e+00,1.515152e+00,1.515152e+00,1.515152e+00,1.515152e+00,1.515152e+00,1.515152e+00,1.515152e+00,,,,,,,,,,,,,,,,,,,,,,,,,,,,,,,,,,,,,,,,,,,,,,,,,,,,,,,,,1.515152e+00,,,,,,,,,,,,,,,,,,,,,,,,,,,,,,,,,,,,,,,,,,,,,,,,,,,,,,,,,,,,,,,,,,,,,,,,,,,,,,,,,,,,,,,,,,,,,,,,,,,,,,,,,,,,,,,,,,,,,,,,,,,,,,,,,,,,,,,,,,,,,,,,,,,,,,,,,,,,,,,,,,,,,,,,,,,,,,,,,,,,,,,,,,,,,,,,,,,,,,,,,,,,,,,,,,,,,,,,,,,,,,,,,,,,,,,,,,,,1.515152e+00,3.689065e+00,1.515152e+00,1.515152e+00,1.515152e+00,2.173913e+00,3.689065e+00,3.689065e+00,3.689065e+00,3.030303e+00,3.030303e+00,4.545455e+00,4.545455e+00,4.545455e+00,4.545455e+00,4.545455e+00,3.030303e+00,4.545455e+00,6.060606e+00,6.060606e+00,6.060606e+00,8.234519e+00,8.234519e+00,8.234519e+00,4.347826e+00,2.173913e+00,4.347826e+00,4.347826e+00,4.347826e+00,4.347826e+00,4.347826e+00,4.347826e+00,2.173913e+00,2.173913e+00,2.173913e+00,2.173913e+00,2.173913e+00,4.347826e+00,4.347826e+00,,,,,,,,,4.545455e+00,4.545455e+00,4.545455e+00,4.545455e+00,4.545455e+00,4.545455e+00,4.545455e+00,1.040843e+01,1.040843e+01,1.040843e+01,1.040843e+01,1.040843e+01,1.040843e+01,1.040843e+01,8.234519e+00,1.040843e+01,8.234519e+00,8.234519e+00,8.234519e+00,1.040843e+01,1.258235e+01,1.040843e+01,1.040843e+01,1.040843e+01,1.040843e+01,1.040843e+01,1.040843e+01,1.040843e+01,1.040843e+01,1.040843e+01,,,,,1.515152e+00,3.689065e+00,2.173913e+00,,,,,,,,,,,,,,,,,,,,,,,,3.030303e+00,1.515152e+00,,,,3.030303e+00,3.030303e+00,3.030303e+00,3.030303e+00,3.030303e+00,3.030303e+00,3.030303e+00,3.030303e+00,3.030303e+00,3.030303e+00,6.060606e+00,4.545455e+00,6.060606e+00,6.060606e+00,6.060606e+00,6.060606e+00,6.060606e+00,6.060606e+00,5.204216e+00,3.030303e+00,3.030303e+00,3.030303e+00,3.030303e+00,3.030303e+00,4.545455e+00,6.060606e+00,6.060606e+00,6.060606e+00,3.030303e+00,3.030303e+00,3.030303e+00,4.545455e+00,7.575758e+00,7.575758e+00,1.126482e+01,1.126482e+01,9.749670e+00,9.749670e+00,8.234519e+00,6.060606e+00,2.173913e+00,2.173913e+00,2.173913e+00,2.173913e+00,2.173913e+00,2.173913e+00,2.173913e+00,,,,,,,,,3.030303e+00,8.893280e+00,1.172596e+01,9.552042e+00,3.030303e+00,7.378129e+00,,,,,,,,,,,,,,,,,,,,,,,,,,,,,,,,,,,3.030303e+00,3.030303e+00,3.030303e+00,,1.515152e+00,,,,,,,,,,,,,,,,,,,,,,,,,,,,,,,,,,,,,,,,,
,,,,,,,,,,,,,,,,,,,,,,,,,,,,,,,,,,,,,,,,,,,,,,,,,,,,,,,,,,,,,,,,,,,,,,,,,,,,,,,,,,,,,,,,,,,,,,,,,,,,,,,,1.515152e+00,1.515152e+00,1.515152e+00,1.515152e+00,,,,,,,,,,,,,,,,,,,,,,,,,,,,,,,1.515152e+00,,,,,,,,,,,,,,,,,,1.515152e+00,1.515152e+00,1.515152e+00,1.515152e+00,1.515152e+00,1.515152e+00,,,1.515152e+00,1.515152e+00,1.515152e+00,1.515152e+00,1.515152e+00,1.515152e+00,1.515152e+00,1.515152e+00,1.515152e+00,1.515152e+00,1.515152e+00,,,,,,,,,,,,,,,,,,,,,,,,,,,,,,,,,,,,,,,,,,,,,,,,,,,,,,,,,,,,,,,,,,,,,,,,,,,,,,,,,,,,,,,,,,,,,,,,,,,,,,,,,,,,,,,,,,,,,,,,,,,,,,,,,,,,,,,,,,,,,,,,,,,,,,,,,,,,,,,,,,,,,,,,,,,,,,,,,,,,,,,,,,,,,,,,,,,,,,,,,,,,,,,,,,,,,,,,,,,,,,,,,,,,,,,,,,,,,,,,,,,,,,,,,,,,,,,,,,,,,,,,,,,,,,,,,,,,,,,,,,,,,,,,,,,1.515152e+00,1.515152e+00,1.515152e+00,3.689065e+00,1.515152e+00,,1.515152e+00,5.204216e+00,3.030303e+00,5.204216e+00,5.204216e+00,1.515152e+00,1.515152e+00,3.030303e+00,4.545455e+00,4.545455e+00,4.545455e+00,4.545455e+00,3.030303e+00,8.234519e+00,8.234519e+00,8.234519e+00,6.719368e+00,5.204216e+00,5.204216e+00,5.204216e+00,4.347826e+00,4.347826e+00,4.347826e+00,4.347826e+00,4.347826e+00,4.347826e+00,4.347826e+00,4.347826e+00,,,,,,2.173913e+00,2.173913e+00,2.173913e+00,,,,,,,2.173913e+00,4.545455e+00,4.545455e+00,4.545455e+00,4.545455e+00,4.545455e+00,4.545455e+00,4.545455e+00,1.040843e+01,1.040843e+01,1.040843e+01,1.040843e+01,6.719368e+00,1.040843e+01,1.040843e+01,1.040843e+01,1.040843e+01,1.040843e+01,1.040843e+01,1.040843e+01,8.234519e+00,8.234519e+00,1.040843e+01,1.040843e+01,1.040843e+01,1.040843e+01,1.040843e+01,1.040843e+01,1.040843e+01,1.040843e+01,1.040843e+01,2.173913e+00,2.173913e+00,3.689065e+00,4.347826e+00,3.689065e+00,3.689065e+00,,,,,,,,,,,,,,,,,,,,,,,,,3.030303e+00,,3.030303e+00,3.030303e+00,3.030303e+00,3.030303e+00,3.030303e+00,3.030303e+00,3.030303e+00,3.030303e+00,3.030303e+00,3.030303e+00,3.030303e+00,3.030303e+00,5.204216e+00,6.060606e+00,6.060606e+00,6.060606e+00,6.060606e+00,6.060606e+00,6.060606e+00,4.545455e+00,8.893280e+00,3.030303e+00,5.204216e+00,3.030303e+00,3.030303e+00,3.030303e+00,3.030303e+00,4.545455e+00,6.060606e+00,6.060606e+00,3.030303e+00,4.545455e+00,3.030303e+00,6.060606e+00,3.030303e+00,6.060606e+00,9.090909e+00,1.126482e+01,1.126482e+01,1.409750e+01,7.575758e+00,6.060606e+00,3.030303e+00,2.173913e+00,2.173913e+00,2.173913e+00,2.173913e+00,2.173913e+00,2.173913e+00,2.173913e+00,,,,,,,2.173913e+00,4.347826e+00,1.021080e+01,5.862978e+00,5.862978e+00,1.515152e+00,,,,,,,,,,,,,,,,,,,,,,,,,,,,,,,,,,,,,3.030303e+00,3.030303e+00,,5.204216e+00,3.030303e+00,,,,,,,,,,,,,,,,,,,,,,,,,,,,,,,,,,,,,,,,,
,,,,,,,,,,,,,,,,,,,,,,,,,,,,,,,,,,,,,,,,,,1.515152e+00,,1.515152e+00,,,,,,,,,,,,,,,,,,,,,,,,,,,,,,,,,,,,,,,,,,,,,,,,,,,,,,,,,,,,,,,,,,,,,,,,,,,,,,,,,,,,,1.515152e+00,3.030303e+00,,1.515152e+00,1.515152e+00,1.515152e+00,1.515152e+00,1.515152e+00,1.515152e+00,1.515152e+00,1.515152e+00,1.515152e+00,3.030303e+00,3.030303e+00,3.030303e+00,1.515152e+00,1.515152e+00,,,,,,,,,,,,,,,,,,,,,,,,,,,,,,,1.515152e+00,4.545455e+00,6.060606e+00,6.060606e+00,6.060606e+00,4.545455e+00,4.545455e+00,,,,,,,,,,,,,,,,,,,,,,,,,,,,,,,,,,,,,,,1.515152e+00,1.515152e+00,1.515152e+00,1.515152e+00,1.515152e+00,1.515152e+00,1.515152e+00,1.515152e+00,1.515152e+00,1.515152e+00,1.515152e+00,3.030303e+00,,1.515152e+00,,,,,,,,,,,,,,,,,,,,,,,,,,,,,,,,,,,,,,,,,,,,,,,,,,,,,,,,,,,,,,,,,,,,,,,,,,,,,,,,,,,,,,,,,,,,,,,,,,,,,,,,,,,,,,,,,,,,,,,,,,,,,,,,,,,,,,,,,,,,,,,,,,,,,,,,,,,,,,,,,,,,,,,,,,,,,,,,,,,,,,,,,,,,,,,,,,,,,,,,,,,,,,,,,,,,,,,,,,,,,1.515152e+00,1.515152e+00,4.545455e+00,3.030303e+00,1.515152e+00,1.515152e+00,1.515152e+00,1.515152e+00,1.515152e+00,,,,1.515152e+00,1.515152e+00,,,1.515152e+00,1.515152e+00,1.515152e+00,3.030303e+00,,6.060606e+00,4.545455e+00,1.515152e+00,6.060606e+00,6.060606e+00,6.060606e+00,6.060606e+00,6.060606e+00,8.893280e+00,8.893280e+00,7.378129e+00,7.378129e+00,7.378129e+00,7.378129e+00,7.378129e+00,7.378129e+00,5.862978e+00,4.347826e+00,4.347826e+00,4.347826e+00,4.347826e+00,4.347826e+00,8.036890e+00,8.036890e+00,1.021080e+01,1.021080e+01,8.036890e+00,5.862978e+00,4.347826e+00,8.036890e+00,2.173913e+00,2.173913e+00,2.173913e+00,2.173913e+00,2.173913e+00,2.173913e+00,2.173913e+00,2.173913e+00,3.689065e+00,3.689065e+00,5.204216e+00,3.689065e+00,5.204216e+00,5.204216e+00,5.204216e+00,7.378129e+00,7.378129e+00,7.378129e+00,5.204216e+00,5.204216e+00,5.204216e+00,7.378129e+00,6.719368e+00,8.234519e+00,1.040843e+01,1.258235e+01,6.719368e+00,5.204216e+00,1.106719e+01,1.258235e+01,8.234519e+00,8.234519e+00,6.719368e+00,6.719368e+00,6.719368e+00,6.719368e+00,6.719368e+00,6.719368e+00,3.030303e+00,5.204216e+00,3.030303e+00,3.030303e+00,7.378129e+00,5.204216e+00,5.204216e+00,,,,,,,,,,,,2.173913e+00,,,,,,,,3.030303e+00,3.030303e+00,3.030303e+00,2.173913e+00,3.030303e+00,3.030303e+00,3.030303e+00,3.030303e+00,3.030303e+00,3.030303e+00,3.030303e+00,5.204216e+00,5.204216e+00,4.545455e+00,4.545455e+00,4.545455e+00,4.545455e+00,4.545455e+00,3.030303e+00,1.515152e+00,1.515152e+00,1.515152e+00,1.515152e+00,3.030303e+00,3.030303e+00,1.515152e+00,6.060606e+00,6.060606e+00,6.719368e+00,3.030303e+00,4.545455e+00,3.030303e+00,3.030303e+00,4.545455e+00,4.545455e+00,4.545455e+00,3.030303e+00,3.030303e+00,3.030303e+00,3.030303e+00,3.030303e+00,3.030303e+00,3.030303e+00,3.030303e+00,3.030303e+00,1.515152e+00,3.030303e+00,3.030303e+00,3.030303e+00,2.173913e+00,2.173913e+00,2.173913e+00,2.173913e+00,5.204216e+00,2.173913e+00,2.173913e+00,,,,,,4.347826e+00,4.347826e+00,,1.515152e+00,1.515152e+00,,,,,,,,,,,,,,,,,,,,,,,,,,,,,,,,,,,,,,,,5.204216e+00,5.204216e+00,5.204216e+00,3.030303e+00,,,,,,,,,,,,,,,,,,,,,,,,,,,,,,,,,,,,,,,,,
,,,,,,,,,,,,,,,,,,,,,,,,,,,,,,,,,,,,,,,,,,1.515152e+00,,,,,,,,,,,,,,,,,,,,,,,,,,,,,,,,,,,,,,,,,,,,,,,,,,,,,,,,,,,,,,,,,,,,,,,,,,,,,,,,,,1.515152e+00,1.515152e+00,3.030303e+00,3.030303e+00,3.030303e+00,3.030303e+00,3.030303e+00,1.515152e+00,1.515152e+00,1.515152e+00,1.515152e+00,1.515152e+00,1.515152e+00,1.515152e+00,3.030303e+00,1.515152e+00,3.030303e+00,1.515152e+00,1.515152e+00,3.030303e+00,3.030303e+00,3.030303e+00,3.030303e+00,1.515152e+00,1.515152e+00,1.515152e+00,,,,1.515152e+00,,,,,,,,,,,,,,,,,,,,,,,5.204216e+00,5.204216e+00,5.204216e+00,3.689065e+00,3.030303e+00,1.515152e+00,1.515152e+00,1.515152e+00,,,,,,,,,,,,,,,,,,,,,,,,,,,,,,,,,,,,,,,1.515152e+00,1.515152e+00,1.515152e+00,1.515152e+00,1.515152e+00,1.515152e+00,1.515152e+00,4.545455e+00,4.545455e+00,4.545455e+00,3.030303e+00,1.515152e+00,1.515152e+00,1.515152e+00,,,,,,,,,,,,,,,,,,,,,,,,,,,,,,,,,,,,,,,,,,,,,,,,,,,,,,,,,,,,,,,,,,,,,,,,,,,,,,,,,,,,,,,,,,,,,,,,,,,,,,,,,,,,,,,,,,,,,,,,,,,,,,,,,,,,,,,,,,,,,,,,,,,,,,,,,,,,,,,,,,,,,,,,,,,,,,,,,,,,,,,,,,,,,,,1.515152e+00,,,3.030303e+00,,,,,,,,,,,,,,,,,,,,,,,,,1.515152e+00,1.515152e+00,1.515152e+00,1.515152e+00,1.515152e+00,1.515152e+00,1.515152e+00,1.515152e+00,,,,,,,,,,,,,,1.515152e+00,,4.545455e+00,4.545455e+00,4.545455e+00,1.060606e+01,6.060606e+00,6.060606e+00,8.234519e+00,8.893280e+00,8.893280e+00,8.893280e+00,8.893280e+00,8.893280e+00,1.040843e+01,8.893280e+00,8.893280e+00,1.258235e+01,8.036890e+00,8.036890e+00,1.324111e+01,8.893280e+00,1.106719e+01,1.021080e+01,5.862978e+00,8.036890e+00,8.036890e+00,5.862978e+00,5.862978e+00,5.862978e+00,8.036890e+00,2.173913e+00,2.173913e+00,2.173913e+00,2.173913e+00,2.173913e+00,2.173913e+00,2.173913e+00,2.173913e+00,,2.173913e+00,,1.515152e+00,,,,2.173913e+00,2.173913e+00,3.689065e+00,3.689065e+00,5.862978e+00,2.173913e+00,5.862978e+00,5.862978e+00,5.204216e+00,6.719368e+00,6.719368e+00,6.719368e+00,6.719368e+00,5.204216e+00,5.204216e+00,5.204216e+00,3.030303e+00,1.515152e+00,1.515152e+00,1.515152e+00,1.515152e+00,3.030303e+00,3.030303e+00,3.030303e+00,1.515152e+00,1.515152e+00,1.515152e+00,1.515152e+00,1.515152e+00,3.030303e+00,,,,,,,,,,,,2.173913e+00,2.173913e+00,,,,,,,,,,3.030303e+00,3.030303e+00,3.030303e+00,3.030303e+00,3.030303e+00,3.030303e+00,3.030303e+00,5.204216e+00,6.719368e+00,6.719368e+00,8.234519e+00,9.749670e+00,6.719368e+00,7.575758e+00,9.749670e+00,8.234519e+00,1.515152e+00,1.515152e+00,1.515152e+00,1.515152e+00,1.515152e+00,1.515152e+00,1.515152e+00,,1.515152e+00,3.030303e+00,3.030303e+00,3.030303e+00,3.030303e+00,1.515152e+00,3.030303e+00,3.030303e+00,3.030303e+00,3.030303e+00,3.030303e+00,1.515152e+00,3.030303e+00,1.515152e+00,1.515152e+00,1.515152e+00,,1.515152e+00,,3.030303e+00,1.515152e+00,3.689065e+00,2.173913e+00,2.173913e+00,3.689065e+00,2.173913e+00,2.173913e+00,2.173913e+00,2.173913e+00,,,,,4.347826e+00,4.347826e+00,,,,3.030303e+00,,,,,,,,,,,,,,,,,,,,,,,,,,,,,,,,,,,,,,,,,4.347826e+00,2.173913e+00,,,,,,,,,,,,,,,,,,,,,,,,,,,,,,,,,,,,,,,,,,
,,,,,,,,,,,,,,,,,,,,,,,,,,,,,,,,,,,,,,,,,,,,,,,,,,,,,,,,,,,,,,,,,,,,,,,,,,,,,,,,,,,,,,,,,,,,,,,,,,,,,,,,,,,,,,,,1.515152e+00,,1.515152e+00,1.515152e+00,,,,,,,,,,,1.515152e+00,1.515152e+00,3.030303e+00,3.030303e+00,3.030303e+00,1.515152e+00,1.515152e+00,1.515152e+00,1.515152e+00,1.515152e+00,1.515152e+00,1.515152e+00,1.515152e+00,1.515152e+00,1.515152e+00,,3.030303e+00,3.030303e+00,3.030303e+00,3.030303e+00,3.030303e+00,1.515152e+00,1.515152e+00,1.515152e+00,1.515152e+00,1.515152e+00,,,,3.689065e+00,3.689065e+00,2.173913e+00,2.173913e+00,,,,,,,,,,,,,,,,,,,3.689065e+00,3.689065e+00,3.689065e+00,5.204216e+00,1.515152e+00,3.030303e+00,,,,,,,,,,,,,,,,,,,,,,,,,,,,,,,,,,,,,,,1.515152e+00,1.515152e+00,1.515152e+00,1.515152e+00,1.515152e+00,1.515152e+00,1.515152e+00,1.515152e+00,3.030303e+00,3.030303e+00,3.030303e+00,4.545455e+00,3.030303e+00,1.515152e+00,1.515152e+00,1.515152e+00,1.515152e+00,,,,,,,,,,,,,,,,,,,,,,,,,,,,,,,,,,,,,,,,,,,,,,,,,,,,,,,,,,,,,,,,,,,,,,,,,,,,,,,,,,,,,,,,,,,,,,,,,,,,,,,,,,,,,,,,,,,,,,,,,,,,,,,,,,,,,,,,,,,,,,,,,,,,,,,,,,,,,,,,,,,,,,,,,,,,,,,,,,,,,,,,,,,,,,,,,,,,,,,,,,,,,,,,,,,,,,,,1.515152e+00,1.515152e+00,1.515152e+00,1.515152e+00,1.515152e+00,1.515152e+00,1.515152e+00,1.515152e+00,,,,,,1.515152e+00,1.515152e+00,,,,,,,3.030303e+00,1.515152e+00,3.030303e+00,3.030303e+00,4.545455e+00,4.545455e+00,6.060606e+00,5.204216e+00,5.204216e+00,5.204216e+00,8.893280e+00,8.893280e+00,8.893280e+00,8.893280e+00,8.893280e+00,8.893280e+00,8.893280e+00,4.347826e+00,8.036890e+00,5.862978e+00,3.689065e+00,5.862978e+00,5.862978e+00,5.862978e+00,5.862978e+00,5.862978e+00,5.862978e+00,1.515152e+00,1.515152e+00,5.862978e+00,1.515152e+00,1.515152e+00,2.173913e+00,2.173913e+00,2.173913e+00,2.173913e+00,2.173913e+00,2.173913e+00,2.173913e+00,2.173913e+00,,,,,,,,2.173913e+00,2.173913e+00,4.347826e+00,4.347826e+00,4.347826e+00,4.347826e+00,2.173913e+00,4.347826e+00,,1.515152e+00,5.204216e+00,6.719368e+00,8.234519e+00,8.234519e+00,6.719368e+00,3.030303e+00,5.204216e+00,1.515152e+00,1.515152e+00,1.515152e+00,1.515152e+00,1.515152e+00,3.030303e+00,1.515152e+00,1.515152e+00,1.515152e+00,1.515152e+00,3.030303e+00,1.515152e+00,1.515152e+00,,,,,,,,,,,,,,,,,,,2.173913e+00,,,,2.173913e+00,3.030303e+00,3.030303e+00,3.030303e+00,3.030303e+00,,1.515152e+00,5.204216e+00,8.234519e+00,6.719368e+00,9.749670e+00,9.749670e+00,7.575758e+00,7.575758e+00,7.575758e+00,4.545455e+00,1.515152e+00,1.515152e+00,1.515152e+00,1.515152e+00,1.515152e+00,1.515152e+00,1.515152e+00,3.030303e+00,5.204216e+00,3.030303e+00,3.030303e+00,3.030303e+00,1.515152e+00,4.545455e+00,4.545455e+00,3.030303e+00,3.030303e+00,3.030303e+00,3.030303e+00,3.030303e+00,3.030303e+00,1.515152e+00,1.515152e+00,1.515152e+00,1.515152e+00,1.515152e+00,1.515152e+00,1.515152e+00,1.515152e+00,1.515152e+00,2.173913e+00,2.173913e+00,2.173913e+00,2.173913e+00,2.173913e+00,2.173913e+00,2.173913e+00,,,,,,,,,,,,,,,,,,,,,,,,,,,,,,,,,,,,,,,,,,,,,,,,,,,2.173913e+00,,,,,,,,,,,,,,,,,,,,,,,,,,,,,,,,,,,,,,,,,,,
,,,,,,,,,,,,,,,,,,,,,,,,,,,,,,,,,,,,,,,,,,,,,,,,,,,,,,,,,,,,,,,,,,,,,,,,,,,,,,,,,,,,,,,,,,,,,,,,,,,,,,,,,,,,,,,,1.515152e+00,1.515152e+00,1.515152e+00,,,,,,,,,,,,,1.515152e+00,3.030303e+00,3.030303e+00,3.030303e+00,,,,,,1.515152e+00,1.515152e+00,1.515152e+00,1.515152e+00,3.030303e+00,3.030303e+00,,,1.515152e+00,3.030303e+00,3.030303e+00,1.515152e+00,1.515152e+00,1.515152e+00,1.515152e+00,1.515152e+00,1.515152e+00,,,,1.515152e+00,1.515152e+00,1.515152e+00,1.515152e+00,,,,,,,,,,,,,,,,,1.515152e+00,1.515152e+00,,1.515152e+00,1.515152e+00,3.689065e+00,5.204216e+00,1.515152e+00,,,1.515152e+00,1.515152e+00,,,,,,,,,,,,,,,,,,,,,,,,,,,,,,,,,,1.515152e+00,1.515152e+00,1.515152e+00,1.515152e+00,1.515152e+00,1.515152e+00,1.515152e+00,1.515152e+00,,3.030303e+00,3.030303e+00,3.030303e+00,1.515152e+00,1.515152e+00,1.515152e+00,1.515152e+00,,,,,,,,,,,,,,,,,,,,,,,,,,,,,,,,,,,,,,,,,,,,,,,,,,,,,,,,,,,,,,,,,,,,,,,,,,,,,,,,,,,,,,,,,,,,,,,,,,,,,,,,,,,,,,,,,,,,,,,,,,,,,,,,,,,,,,,,,,,,,,,,,,,,,,,,,,,,,,,,,,,,,,,,,,,,,,,,,,,,,,,,,,,,,,,,,,,,,,,,,,,,,,,,,,,,,,,1.515152e+00,,1.515152e+00,1.515152e+00,3.030303e+00,1.515152e+00,1.515152e+00,1.515152e+00,1.515152e+00,1.515152e+00,,,,,,,1.515152e+00,,,,,,1.515152e+00,,,3.030303e+00,4.545455e+00,6.060606e+00,4.545455e+00,3.030303e+00,5.204216e+00,,2.173913e+00,8.893280e+00,8.893280e+00,5.862978e+00,8.893280e+00,8.893280e+00,8.893280e+00,1.040843e+01,4.347826e+00,5.862978e+00,4.347826e+00,4.347826e+00,5.862978e+00,5.862978e+00,5.862978e+00,5.862978e+00,1.515152e+00,1.515152e+00,1.515152e+00,1.515152e+00,1.515152e+00,1.515152e+00,1.515152e+00,2.173913e+00,2.173913e+00,2.173913e+00,2.173913e+00,2.173913e+00,2.173913e+00,2.173913e+00,2.173913e+00,,,,,,,,2.173913e+00,2.173913e+00,2.173913e+00,2.173913e+00,2.173913e+00,2.173913e+00,2.173913e+00,2.173913e+00,,,,1.515152e+00,6.719368e+00,4.545455e+00,4.545455e+00,1.515152e+00,,5.204216e+00,5.204216e+00,1.515152e+00,1.515152e+00,1.515152e+00,3.030303e+00,1.515152e+00,3.030303e+00,3.030303e+00,3.030303e+00,3.689065e+00,1.515152e+00,1.515152e+00,,,,,,,,,6.521739e+00,,,,,,2.173913e+00,8.036890e+00,2.173913e+00,2.173913e+00,3.689065e+00,2.173913e+00,2.173913e+00,2.173913e+00,2.173913e+00,3.030303e+00,3.030303e+00,3.030303e+00,1.515152e+00,1.515152e+00,3.030303e+00,1.515152e+00,7.575758e+00,9.749670e+00,1.126482e+01,1.126482e+01,7.575758e+00,7.575758e+00,7.575758e+00,4.545455e+00,1.515152e+00,1.515152e+00,1.515152e+00,1.515152e+00,1.515152e+00,1.515152e+00,1.515152e+00,3.030303e+00,4.545455e+00,1.515152e+00,1.515152e+00,3.030303e+00,1.515152e+00,1.515152e+00,4.545455e+00,3.030303e+00,3.030303e+00,3.030303e+00,3.030303e+00,3.030303e+00,3.030303e+00,3.030303e+00,1.515152e+00,1.515152e+00,3.030303e+00,3.030303e+00,3.030303e+00,3.030303e+00,3.030303e+00,3.030303e+00,2.173913e+00,2.173913e+00,2.173913e+00,2.173913e+00,2.173913e+00,2.173913e+00,2.173913e+00,,4.347826e+00,,,,,,,,,,,,,,,,,,,,,,,,,,,,,,,,,,,,,,,,,,,,,,,2.173913e+00,,,,,,,,,,,,,,,,,,,,,,,,,,,,,,,,,,,,,,,,,,,,,
,,,,,,,,,,,,,,,,,,,,,,,,,,,,,,,,,,,,,,,,,,,,,,,,,,,,,,,,,,,,,,,,,,,,,,,,,,,,,,,,,,,,,,,,,,,,,,,,,,,,,,,,,,,,,,,,,,,,,,,3.030303e+00,3.030303e+00,3.030303e+00,3.030303e+00,3.030303e+00,3.030303e+00,3.030303e+00,3.030303e+00,3.030303e+00,3.030303e+00,3.030303e+00,3.030303e+00,1.515152e+00,,4.545455e+00,,1.040843e+01,1.561265e+01,1.409750e+01,3.030303e+00,3.030303e+00,6.719368e+00,5.204216e+00,5.204216e+00,5.204216e+00,5.204216e+00,5.204216e+00,1.515152e+00,1.515152e+00,1.515152e+00,1.515152e+00,1.515152e+00,1.515152e+00,1.515152e+00,1.515152e+00,1.515152e+00,1.515152e+00,1.515152e+00,1.515152e+00,1.515152e+00,1.515152e+00,1.515152e+00,1.515152e+00,1.515152e+00,1.515152e+00,1.515152e+00,1.515152e+00,1.515152e+00,1.515152e+00,,3.689065e+00,3.689065e+00,3.689065e+00,3.689065e+00,3.689065e+00,3.689065e+00,3.689065e+00,,,,,,,,,1.515152e+00,3.030303e+00,3.030303e+00,3.030303e+00,3.030303e+00,1.515152e+00,3.030303e+00,,,,1.515152e+00,1.515152e+00,,,,,,1.515152e+00,1.515152e+00,,1.515152e+00,1.515152e+00,,,,,,,,,,,,,,,,,1.515152e+00,1.515152e+00,1.515152e+00,1.515152e+00,1.515152e+00,1.515152e+00,1.515152e+00,,1.515152e+00,,1.515152e+00,1.515152e+00,1.515152e+00,1.515152e+00,,,,,,,,,,,,,,,,,,,,,,,,,,,,,,,,,,,,,,,,,,,,,,,,,,,,,,,,,,,,,,,,,,,,,,,,,,,,,,,,,,,,,,,,,,,,,,,,,,,,,,,,,,,,,,,,,,,,,,,,,,,,,,,,,,,,,,,,,,,,,,,,,,,,,,,,,,,,,,,,,,,,,,,,,,,2.173913e+00,,,,,2.173913e+00,,,,,,,,,,,,,,,,,3.030303e+00,3.030303e+00,,3.030303e+00,3.030303e+00,3.030303e+00,4.545455e+00,1.515152e+00,1.515152e+00,4.545455e+00,1.515152e+00,1.515152e+00,,1.515152e+00,1.515152e+00,1.515152e+00,3.030303e+00,1.515152e+00,1.515152e+00,1.515152e+00,1.515152e+00,,,1.515152e+00,1.515152e+00,1.515152e+00,,,,,,,,,1.515152e+00,1.515152e+00,,,1.515152e+00,1.515152e+00,1.515152e+00,,,1.515152e+00,4.545455e+00,4.545455e+00,4.545455e+00,7.575758e+00,9.749670e+00,8.234519e+00,1.126482e+01,1.343874e+01,6.719368e+00,5.204216e+00,3.030303e+00,6.719368e+00,1.040843e+01,6.719368e+00,6.719368e+00,8.234519e+00,6.719368e+00,6.719368e+00,6.719368e+00,4.545455e+00,5.204216e+00,5.204216e+00,3.030303e+00,3.030303e+00,3.030303e+00,1.515152e+00,1.515152e+00,,,,,,,,,,,,,,,,2.173913e+00,2.173913e+00,2.173913e+00,,,,,,,,,,,,,,,,,2.173913e+00,,2.173913e+00,,,,,,,,,,,,4.545455e+00,3.030303e+00,4.545455e+00,4.545455e+00,4.545455e+00,5.204216e+00,1.515152e+00,1.515152e+00,,1.515152e+00,8.234519e+00,2.173913e+00,,,,,,,,,,,,,,,,5.862978e+00,7.378129e+00,1.515152e+00,,1.515152e+00,3.030303e+00,5.862978e+00,4.545455e+00,4.545455e+00,6.060606e+00,7.575758e+00,4.545455e+00,4.545455e+00,4.545455e+00,1.515152e+00,3.689065e+00,3.689065e+00,3.689065e+00,3.689065e+00,3.689065e+00,3.689065e+00,3.689065e+00,3.689065e+00,,3.689065e+00,3.689065e+00,3.689065e+00,3.689065e+00,,,1.515152e+00,,,,,,,,,1.515152e+00,,,,,1.515152e+00,,,,,,,,1.515152e+00,,,,,,,,,6.060606e+00,,,,,,,,,,,,,,,,,,,,,,,,,,,,,,,,,,,,,,,,,,,,,,,,,,,,,,,,,,,,,,,,,,,,,,,,,,,,,,,,,,,,
,,,,,,,,,,,,,,,,,,,,,,,,,,,,,,,,,,,,,,,,,,,,,,,,,,,,,,,,,,,,,,,,,,,,,,,,,,,,,,,,,,,,,,,,,,,,,,,,,,,,,,,,,,,,,,,,,,,,,,,,,1.515152e+00,,3.030303e+00,3.030303e+00,3.030303e+00,3.030303e+00,3.030303e+00,5.204216e+00,1.515152e+00,1.515152e+00,3.030303e+00,4.545455e+00,1.515152e+00,4.545455e+00,3.030303e+00,4.545455e+00,4.545455e+00,3.030303e+00,3.030303e+00,3.030303e+00,5.204216e+00,5.204216e+00,6.719368e+00,5.204216e+00,6.719368e+00,,1.515152e+00,1.515152e+00,3.689065e+00,1.515152e+00,1.515152e+00,1.515152e+00,,,,,3.030303e+00,3.030303e+00,3.030303e+00,3.030303e+00,1.515152e+00,3.030303e+00,1.515152e+00,1.515152e+00,1.515152e+00,1.515152e+00,1.515152e+00,,3.689065e+00,3.689065e+00,3.689065e+00,3.689065e+00,3.689065e+00,3.689065e+00,3.689065e+00,,,,,,1.515152e+00,,,,,,3.689065e+00,3.689065e+00,3.689065e+00,3.689065e+00,3.689065e+00,2.173913e+00,3.689065e+00,,,,,,,,1.515152e+00,1.515152e+00,1.515152e+00,1.515152e+00,1.515152e+00,,,,,,,,,,,,,,,,,,1.515152e+00,1.515152e+00,1.515152e+00,1.515152e+00,,1.515152e+00,,1.515152e+00,1.515152e+00,1.515152e+00,,,,,,,,,,,,,,,,,,,,,,,,,,,,,,,,,,,,,,,,,,,,,,,,,,,,,,,,,,,,,,,,,,,,,,,,,,,,,,,,,,,,,,,,,,,,,,,,,,,,,,,,,,,,,,,,,,,,,,,,,,,,,,,,,,,,,,,,,,,,,,,,,,,,,,,,,,,,,,,,,,,,,,,,,,,,,2.173913e+00,2.173913e+00,2.173913e+00,2.173913e+00,,,,,,,,,,,,,,,,1.515152e+00,,,,,1.515152e+00,1.515152e+00,4.545455e+00,3.030303e+00,3.030303e+00,4.545455e+00,1.515152e+00,1.515152e+00,1.515152e+00,1.515152e+00,1.515152e+00,1.515152e+00,1.515152e+00,1.515152e+00,1.515152e+00,1.515152e+00,1.515152e+00,,,,1.515152e+00,1.515152e+00,3.030303e+00,3.030303e+00,1.515152e+00,,,,,,,,,,,,,,,1.515152e+00,,,1.515152e+00,1.515152e+00,7.575758e+00,7.575758e+00,7.575758e+00,1.192358e+01,9.749670e+00,5.204216e+00,,3.030303e+00,,,,8.234519e+00,5.204216e+00,5.204216e+00,5.204216e+00,5.204216e+00,5.204216e+00,5.204216e+00,3.030303e+00,1.515152e+00,3.030303e+00,1.515152e+00,,1.515152e+00,3.030303e+00,1.515152e+00,,,1.515152e+00,,,,,,,,,,,,,,,,,,,,,,,,,,,,,,,,,,,,,2.173913e+00,,,,,,,,,1.515152e+00,1.515152e+00,4.545455e+00,1.515152e+00,,3.030303e+00,1.106719e+01,9.552042e+00,9.552042e+00,1.106719e+01,1.258235e+01,3.689065e+00,,,,,,,,,,,,,,,,5.862978e+00,3.689065e+00,,1.515152e+00,3.030303e+00,7.378129e+00,5.204216e+00,1.515152e+00,4.545455e+00,6.060606e+00,6.060606e+00,3.030303e+00,4.545455e+00,4.545455e+00,,3.689065e+00,3.689065e+00,3.689065e+00,3.689065e+00,3.689065e+00,3.689065e+00,3.689065e+00,3.689065e+00,3.689065e+00,3.689065e+00,3.689065e+00,3.689065e+00,3.689065e+00,3.689065e+00,3.689065e+00,,,,,,1.515152e+00,,,,,,2.173913e+00,,1.515152e+00,,1.515152e+00,,,,,1.515152e+00,,,,,,,,,,,,,4.545455e+00,,4.545455e+00,,,,,,4.545455e+00,,,,,,,,,,,,,,,,,,,,,,,,,,,,,,,,,,,,,,,,,,,,,,,,,,,,,,,,,,,,,,,,,,,,,,,,,,
,,,,,,,,,,,,,,,,,,,,,,,,,,,,,,,,,,,,,,,,,,,,,,,,,,,,,,,,,,,,,,,,,,,,,,,,,,,,,,,,,,,,,,,,,,,,,,,,,,,,,,,,,,,,,,,,,,,,,,,,,,,3.030303e+00,3.030303e+00,3.030303e+00,3.030303e+00,3.030303e+00,3.030303e+00,3.030303e+00,1.515152e+00,3.030303e+00,,1.515152e+00,1.515152e+00,1.515152e+00,1.515152e+00,1.515152e+00,1.515152e+00,,,1.515152e+00,5.204216e+00,1.515152e+00,5.204216e+00,,,1.515152e+00,,,,1.515152e+00,1.515152e+00,,,,,3.030303e+00,3.030303e+00,3.030303e+00,3.030303e+00,3.030303e+00,5.204216e+00,4.545455e+00,1.515152e+00,1.515152e+00,1.515152e+00,1.515152e+00,5.204216e+00,3.689065e+00,3.689065e+00,3.689065e+00,3.689065e+00,3.689065e+00,3.689065e+00,3.689065e+00,,,,,,,,,2.173913e+00,2.173913e+00,,,,,,3.689065e+00,3.689065e+00,3.689065e+00,3.689065e+00,2.173913e+00,,,,,,,,,3.689065e+00,1.515152e+00,,,,,,,,,,,,,,,,,,1.515152e+00,,,1.515152e+00,,,1.515152e+00,1.515152e+00,1.515152e+00,,1.515152e+00,1.515152e+00,1.515152e+00,,,,,,,,,,,,,,,,,,,,,,,,,,,,,,,,,,,,,,,,,,,,,,,,,,,,,,,,,,,,,,,,,,,,,,,,,,,,,,,,,,,,,,,,,,,,,,,,,,,,,,,,,,,,,,,,,,,,,,,,,,,,,,,,,,,,,,,,,,,,,,,,,,,,,,,,,,,,,,,,,,,,,,,,,2.173913e+00,2.173913e+00,2.173913e+00,2.173913e+00,2.173913e+00,,,,,,2.173913e+00,,,,,,,,,,1.515152e+00,1.515152e+00,1.515152e+00,1.515152e+00,1.515152e+00,1.515152e+00,1.515152e+00,4.545455e+00,3.030303e+00,,,1.515152e+00,,,,,1.515152e+00,,1.515152e+00,1.515152e+00,,,,,1.515152e+00,,3.030303e+00,3.030303e+00,1.515152e+00,1.515152e+00,,,,,,,,,,1.515152e+00,1.515152e+00,,,,,,,,1.515152e+00,6.060606e+00,6.060606e+00,6.060606e+00,4.545455e+00,3.030303e+00,,,,,,,2.173913e+00,2.173913e+00,2.173913e+00,2.173913e+00,2.173913e+00,2.173913e+00,3.689065e+00,,1.515152e+00,,1.515152e+00,1.515152e+00,,1.515152e+00,,,,,,,,,,,,,,,,,,,,,,,,1.515152e+00,,,,,,,,,,,2.173913e+00,,,,,,,,,,,,,,1.515152e+00,,,,,3.030303e+00,5.204216e+00,5.204216e+00,4.347826e+00,1.258235e+01,9.552042e+00,1.258235e+01,5.862978e+00,,,,,,,,,,,,,,,,5.862978e+00,5.862978e+00,,7.378129e+00,5.204216e+00,6.719368e+00,5.204216e+00,4.545455e+00,4.545455e+00,4.545455e+00,6.060606e+00,6.060606e+00,4.545455e+00,4.545455e+00,3.030303e+00,3.689065e+00,3.689065e+00,3.689065e+00,3.689065e+00,,,3.689065e+00,3.689065e+00,3.689065e+00,3.689065e+00,3.689065e+00,3.689065e+00,3.689065e+00,3.689065e+00,3.689065e+00,,,,1.515152e+00,1.515152e+00,1.515152e+00,1.515152e+00,5.204216e+00,1.515152e+00,,,,,,,,,1.515152e+00,1.515152e+00,,1.515152e+00,1.515152e+00,,,1.515152e+00,3.030303e+00,,,,,6.060606e+00,,,4.545455e+00,4.545455e+00,4.545455e+00,4.545455e+00,,,,,,,,,,,,,,,,,,,,,,,,,,,,,,,,,,,,,,,,,,,,,,,,,,,,,,,,,,,,,,,,,,,,,,,,,,,,,,,
,,,,,,,,,,,,,,,,,,,,,,,,,,,,,,,,,,,,,,,,,,,,,,,,,,,,,,,,,,,,,,,,,,,,,,,,,,,,,,,,,,,,,,,,,,,,,,,,,,,,,,,,,,,,,,,,,,,,,,2.173913e+00,,,,,,3.030303e+00,3.030303e+00,3.030303e+00,3.030303e+00,3.030303e+00,3.030303e+00,1.515152e+00,4.545455e+00,1.515152e+00,1.515152e+00,1.515152e+00,1.515152e+00,1.515152e+00,1.515152e+00,1.515152e+00,,,,,,1.515152e+00,1.515152e+00,1.515152e+00,3.030303e+00,1.515152e+00,1.515152e+00,1.515152e+00,1.515152e+00,,,1.515152e+00,1.515152e+00,,,1.515152e+00,3.030303e+00,3.030303e+00,1.515152e+00,8.234519e+00,,1.515152e+00,1.515152e+00,1.515152e+00,1.515152e+00,5.204216e+00,3.689065e+00,3.689065e+00,3.689065e+00,3.689065e+00,3.689065e+00,3.689065e+00,3.689065e+00,,3.030303e+00,,3.030303e+00,,,3.030303e+00,,1.515152e+00,,,,,,,,2.173913e+00,,,,,,,,,,,,,6.719368e+00,,,,,,,,,,,,,,,,,,,1.515152e+00,,,,1.515152e+00,1.515152e+00,1.515152e+00,,,,,,,,,,,,,,,,,,,,,,,,,,,,,,,,,,,,,,,,,,,,,,,,,,,,,,,,,,,,,,,,,,,,,,,,,,,,,,,,,,,,,,,,,,,,,,,,,,,,,,,,,,,,,,,,,,,,,,,,,,,,,,,,,,,,,,,,,,,,,,,,,,,,,,,,,,,,,,,,,,,,,,,,,,,2.173913e+00,2.173913e+00,2.173913e+00,2.173913e+00,2.173913e+00,2.173913e+00,2.173913e+00,2.173913e+00,,,2.173913e+00,2.173913e+00,,,,,,1.515152e+00,1.515152e+00,,,,,1.515152e+00,1.515152e+00,1.515152e+00,1.515152e+00,1.515152e+00,1.515152e+00,1.515152e+00,1.515152e+00,1.515152e+00,,1.515152e+00,1.515152e+00,,,1.515152e+00,,1.515152e+00,1.515152e+00,1.515152e+00,1.515152e+00,,,,,,1.515152e+00,3.030303e+00,1.515152e+00,1.515152e+00,,,,,,,,,,,,,,,,,,,,,3.030303e+00,3.030303e+00,1.515152e+00,1.515152e+00,,,,,,,,,,,3.030303e+00,5.204216e+00,5.204216e+00,2.173913e+00,1.515152e+00,,,,,,1.515152e+00,1.515152e+00,,,,,,,,,,,,,,,,,,,,,,,,,,,,,,,,,,,,,4.347826e+00,,,,,,,,,,1.515152e+00,,,,,4.545455e+00,9.749670e+00,1.409750e+01,1.409750e+01,1.409750e+01,3.030303e+00,,9.552042e+00,6.521739e+00,,,,,,,2.173913e+00,,,,,,,,,7.378129e+00,3.030303e+00,3.030303e+00,7.378129e+00,7.378129e+00,5.204216e+00,5.204216e+00,6.060606e+00,4.545455e+00,4.545455e+00,6.060606e+00,6.060606e+00,3.030303e+00,4.545455e+00,4.545455e+00,,3.689065e+00,3.689065e+00,3.689065e+00,3.689065e+00,3.689065e+00,3.689065e+00,3.689065e+00,1.515152e+00,1.515152e+00,3.689065e+00,,3.689065e+00,3.689065e+00,3.689065e+00,1.515152e+00,1.515152e+00,,,,1.515152e+00,,3.689065e+00,3.689065e+00,3.689065e+00,3.689065e+00,3.689065e+00,3.689065e+00,3.689065e+00,,,,1.515152e+00,3.030303e+00,3.030303e+00,1.515152e+00,,,,,,,,,,6.060606e+00,4.545455e+00,6.060606e+00,7.575758e+00,4.545455e+00,4.545455e+00,4.545455e+00,8.893280e+00,3.030303e+00,,3.030303e+00,4.545455e+00,,,,,,,,,,,,,,,,,,,,,,,,,,,,,,,,,,,,,,,,,,,,,,,,,,,,,,,,,,,,,,,,,,,,,,,,,,
,,,,,,,,,,,,,,,,,,,,,,,,,,,,,,,,,,,,,,,,,,,,,,,,,,,,,,,,,,,,,,,,,,,,,,,,,,,,,,,,,,,,,,,,,,,,,,,,,,,,,,,,,,,,,,,1.086957e+01,8.695652e+00,2.173913e+00,,,,,,2.173913e+00,2.173913e+00,2.173913e+00,2.173913e+00,,,,,,,1.515152e+00,2.173913e+00,3.234519e+01,1.040843e+01,,,,,,,,,,,,,,,1.515152e+00,1.515152e+00,,,1.515152e+00,9.552042e+00,1.258235e+01,4.545455e+00,6.060606e+00,1.040843e+01,8.893280e+00,1.106719e+01,1.106719e+01,6.719368e+00,7.378129e+00,8.036890e+00,1.040843e+01,1.192358e+01,7.378129e+00,7.378129e+00,7.378129e+00,7.378129e+00,,,,,,,,,,,,,1.515152e+00,,,,,,,,,,3.030303e+00,3.030303e+00,3.030303e+00,3.030303e+00,,,,3.030303e+00,,,,3.030303e+00,4.545455e+00,4.545455e+00,4.545455e+00,3.030303e+00,,,,,,,,,,1.515152e+00,1.515152e+00,,,,,,,,,,,,,,,,,,,,,,,,,,,,,,1.515152e+00,,,,,,,,,,,,,,,,,,,,,,,,,,,,,,,,,,,,,,,,,,,,,,,,,,,,,,,,,,,,,,,,,,,,,,,,,,,,,,,,,,,,,,,,,,,,,,,,,,,,,,,,,,,,,,1.515152e+00,,,,1.515152e+00,1.515152e+00,,,,,,,,0.000000e+00,,,,,,,,,,,,,,,,,,,,,,,,,,,,,,,,2.173913e+00,,,,,,,3.689065e+00,1.515152e+00,1.515152e+00,,1.515152e+00,1.515152e+00,1.515152e+00,3.030303e+00,5.204216e+00,5.204216e+00,5.204216e+00,5.204216e+00,3.689065e+00,3.689065e+00,6.719368e+00,3.689065e+00,3.689065e+00,3.689065e+00,6.719368e+00,3.689065e+00,3.689065e+00,6.719368e+00,1.515152e+00,1.515152e+00,1.515152e+00,1.515152e+00,3.030303e+00,1.515152e+00,1.515152e+00,1.515152e+00,1.515152e+00,1.515152e+00,1.515152e+00,1.515152e+00,1.515152e+00,,,1.515152e+00,1.515152e+00,1.515152e+00,1.515152e+00,1.515152e+00,3.030303e+00,1.515152e+00,1.515152e+00,,,,,,,,,,,,,,,,,,,,,,,,,,,,,,,1.515152e+00,1.515152e+00,1.515152e+00,1.515152e+00,1.515152e+00,3.689065e+00,,,,,,,1.515152e+00,1.515152e+00,2.173913e+00,,,,,,,,,,,,,,,,,,,,,,,,,,,,,,,,,,,,,,,,3.030303e+00,3.030303e+00,3.030303e+00,3.030303e+00,3.030303e+00,5.204216e+00,1.515152e+00,1.515152e+00,,,,1.515152e+00,6.719368e+00,1.515152e+00,5.862978e+00,3.689065e+00,3.689065e+00,8.893280e+00,1.324111e+01,1.324111e+01,8.036890e+00,7.378129e+00,3.689065e+00,8.036890e+00,5.862978e+00,5.204216e+00,1.515152e+00,1.515152e+00,,,4.347826e+00,4.347826e+00,4.347826e+00,8.695652e+00,4.347826e+00,4.347826e+00,3.030303e+00,3.030303e+00,3.030303e+00,4.545455e+00,4.545455e+00,3.030303e+00,3.030303e+00,4.545455e+00,6.060606e+00,8.234519e+00,8.234519e+00,4.545455e+00,8.234519e+00,4.545455e+00,8.234519e+00,6.719368e+00,6.719368e+00,3.689065e+00,3.689065e+00,5.204216e+00,5.204216e+00,5.204216e+00,,,,,,,,1.515152e+00,3.689065e+00,3.689065e+00,3.689065e+00,3.689065e+00,3.689065e+00,3.689065e+00,3.689065e+00,5.204216e+00,5.204216e+00,5.204216e+00,5.204216e+00,5.204216e+00,5.204216e+00,5.204216e+00,5.204216e+00,,1.515152e+00,1.515152e+00,3.030303e+00,1.515152e+00,,,4.347826e+00,4.347826e+00,4.347826e+00,7.378129e+00,5.862978e+00,6.521739e+00,2.173913e+00,5.862978e+00,5.862978e+00,5.862978e+00,4.347826e+00,3.689065e+00,,,,5.862978e+00,,,1.515152e+00,1.515152e+00,2.173913e+00,,,,,,,,,,,,,,,,,,,,,,,,,,,,,,,,,,,,,,,,,,,,,,,,,,,,,,,,,,,,,,,,,,,,,,,,,
,,,,,,,,,,,,,,,,,,,,,,,,,,,,,,,,,,,,,,,,,,,,,,,,,,,,,,,,,,,,,,,,,,,,,,,,,,,,,,,,,,,,,,,,,,,,,,,,,,,,,,,,,,,,,,,,,,,,,,,,2.173913e+00,,2.173913e+00,2.173913e+00,,,,,,,2.173913e+00,2.430830e+01,8.893280e+00,,,,,,,,,,,,,,,,,,,,,7.378129e+00,1.515152e+00,1.040843e+01,8.234519e+00,6.060606e+00,6.719368e+00,4.545455e+00,8.893280e+00,5.204216e+00,5.204216e+00,7.378129e+00,9.552042e+00,9.552042e+00,7.378129e+00,7.378129e+00,7.378129e+00,,,,,,,,,,,,,,,,,,,,,,,3.030303e+00,3.030303e+00,3.030303e+00,3.030303e+00,,3.030303e+00,,,,,,,3.030303e+00,4.545455e+00,4.545455e+00,,,,,,,,,,,1.515152e+00,1.515152e+00,1.515152e+00,,,,,,,,,,,,,,,,,,,,,,,,,,1.515152e+00,1.515152e+00,,1.515152e+00,,,,,,,,,,,,,,,,,,,,,,,,,,,,,,,,,,,,,,,,,,,,,,,,,,,,,,,,,,,,,,,,,,,,,,,,,,,,,,,,,,,,,,,,,,,,,,,,,,,,,,,,,,,,,,1.515152e+00,,,,,1.515152e+00,,,,,,,,,,,,,,,,,,,,,,,,,,,,,,,,,,,,,,,,2.173913e+00,2.173913e+00,2.173913e+00,,,,2.173913e+00,1.515152e+00,3.689065e+00,3.689065e+00,1.515152e+00,1.515152e+00,3.689065e+00,3.689065e+00,5.204216e+00,5.204216e+00,5.204216e+00,5.204216e+00,5.204216e+00,3.030303e+00,5.204216e+00,6.719368e+00,3.689065e+00,3.689065e+00,3.689065e+00,3.689065e+00,3.689065e+00,3.689065e+00,3.689065e+00,1.515152e+00,1.515152e+00,1.515152e+00,1.515152e+00,1.515152e+00,1.515152e+00,1.515152e+00,3.030303e+00,1.515152e+00,1.515152e+00,1.515152e+00,1.515152e+00,1.515152e+00,,,,1.515152e+00,1.515152e+00,1.515152e+00,1.515152e+00,1.515152e+00,1.515152e+00,1.515152e+00,,,,,,,,,,,,,,,,,,,,,,,,,,,,,,,,1.515152e+00,,,,,,,,,,,,,,,,,,,,,,,,,,,,,,,,,,,,,,,,,,,,,,,,,,,1.515152e+00,3.030303e+00,3.030303e+00,5.204216e+00,5.204216e+00,3.030303e+00,5.204216e+00,5.204216e+00,6.719368e+00,9.749670e+00,8.234519e+00,5.204216e+00,6.719368e+00,3.689065e+00,3.030303e+00,,,2.173913e+00,2.173913e+00,8.036890e+00,1.021080e+01,1.021080e+01,1.021080e+01,5.204216e+00,3.030303e+00,9.552042e+00,1.172596e+01,1.021080e+01,9.552042e+00,1.515152e+00,,,,4.347826e+00,4.347826e+00,8.695652e+00,2.173913e+00,4.347826e+00,3.030303e+00,3.030303e+00,3.030303e+00,7.378129e+00,7.378129e+00,7.378129e+00,7.378129e+00,8.234519e+00,6.060606e+00,6.060606e+00,9.749670e+00,9.749670e+00,8.234519e+00,8.234519e+00,5.204216e+00,5.204216e+00,3.689065e+00,3.689065e+00,3.689065e+00,5.204216e+00,3.689065e+00,6.719368e+00,1.515152e+00,,,,,,,1.515152e+00,3.689065e+00,3.689065e+00,3.689065e+00,3.689065e+00,3.689065e+00,3.689065e+00,3.689065e+00,5.204216e+00,7.378129e+00,5.204216e+00,5.204216e+00,5.204216e+00,5.204216e+00,5.204216e+00,5.204216e+00,,,,1.515152e+00,1.515152e+00,3.030303e+00,,4.347826e+00,4.347826e+00,4.347826e+00,7.378129e+00,4.347826e+00,4.347826e+00,2.173913e+00,4.347826e+00,5.862978e+00,8.893280e+00,7.378129e+00,5.862978e+00,,,2.173913e+00,5.204216e+00,,,1.515152e+00,,,,,,,,,,,,,,,,,,,,,,,,,,,,,,,,,,,,,,,,,,,,,,,,,,,,,,,,,,,,,,,,,,,,,,,,,,,
,,,,,,,,,,,,,,,,,,,,,,,,,,,,,,,,,,,,,,,,,,,,,,,,,,,,,,,,,,,,,,,,,,,,,,,,,,,,,,,,,,,,,,,,,,,,,,,,,,,,,,,,,,,,,,,,,,,,,,,,2.173913e+00,2.173913e+00,,,,,,,,,1.515152e+00,1.996047e+01,1.515152e+00,,,,,,,,,,,,,,,,,,,,,1.515152e+00,1.515152e+00,1.515152e+00,3.030303e+00,8.893280e+00,8.234519e+00,6.719368e+00,4.545455e+00,3.030303e+00,1.515152e+00,3.689065e+00,,3.689065e+00,7.378129e+00,7.378129e+00,7.378129e+00,,,,,,,,,,,,,,,,,,,,,,,1.515152e+00,1.515152e+00,,,,3.030303e+00,,1.515152e+00,,,,3.030303e+00,3.030303e+00,3.030303e+00,4.545455e+00,,,,,,,,,,,,,,,,,,,,,,,,,,,,,,,,,,,,,,,1.515152e+00,1.515152e+00,,,,,,,,,,,,,,,,,,,,,,,,,,,,,,,,,,,,,,,,,,,,,,,,,,,,,,,,,,,,,,,,,,,,,,,,,,,,,,,,,,,,,,,,,,,,,,,,,,,,,,,,,,,,,,,,,1.515152e+00,,,,,,,,,,,,,,,,,,,,2.173913e+00,,,,,,,,,,,2.173913e+00,2.173913e+00,2.173913e+00,,,,,,,,,,,2.173913e+00,2.173913e+00,2.173913e+00,2.173913e+00,,,,1.515152e+00,3.689065e+00,1.515152e+00,1.515152e+00,3.689065e+00,1.515152e+00,1.515152e+00,5.204216e+00,6.719368e+00,5.204216e+00,5.204216e+00,1.515152e+00,5.204216e+00,5.204216e+00,6.719368e+00,3.030303e+00,3.689065e+00,3.689065e+00,3.030303e+00,3.030303e+00,3.030303e+00,1.515152e+00,1.515152e+00,1.515152e+00,1.515152e+00,1.515152e+00,1.515152e+00,1.515152e+00,1.515152e+00,3.030303e+00,1.515152e+00,1.515152e+00,1.515152e+00,1.515152e+00,1.515152e+00,1.515152e+00,1.515152e+00,,,,,1.515152e+00,1.515152e+00,,,,,,,,,,,,,,,,,,,,,,,,,,,,,,,,,,,,,,2.173913e+00,2.173913e+00,,,,,,,,,,,,,,,,,,,,,,,,,,,,,,,,,,,,,,,,,,,,,,5.204216e+00,6.719368e+00,6.719368e+00,5.204216e+00,5.204216e+00,5.204216e+00,5.204216e+00,5.204216e+00,8.234519e+00,9.749670e+00,1.515152e+00,1.515152e+00,1.515152e+00,1.515152e+00,1.515152e+00,1.515152e+00,,,5.862978e+00,5.862978e+00,5.862978e+00,1.021080e+01,1.021080e+01,1.106719e+01,5.862978e+00,3.689065e+00,1.455863e+01,8.036890e+00,8.036890e+00,5.862978e+00,,,,,,,,4.347826e+00,7.378129e+00,1.172596e+01,1.172596e+01,5.204216e+00,7.378129e+00,5.204216e+00,7.378129e+00,6.719368e+00,4.545455e+00,1.515152e+00,9.749670e+00,6.060606e+00,8.234519e+00,8.234519e+00,5.204216e+00,5.204216e+00,5.204216e+00,5.204216e+00,5.204216e+00,5.204216e+00,3.689065e+00,3.689065e+00,1.515152e+00,1.515152e+00,,,,,,,5.862978e+00,3.689065e+00,3.689065e+00,3.689065e+00,3.689065e+00,3.689065e+00,3.689065e+00,5.204216e+00,5.204216e+00,5.204216e+00,5.204216e+00,5.204216e+00,5.204216e+00,5.204216e+00,5.204216e+00,,,,,,,,2.173913e+00,4.347826e+00,4.347826e+00,4.347826e+00,2.173913e+00,2.173913e+00,2.173913e+00,,2.173913e+00,2.173913e+00,8.893280e+00,2.173913e+00,,2.173913e+00,2.173913e+00,5.862978e+00,,,,2.173913e+00,,,,,,,,,,,,,,,,,,,,,,,,,,,,,,,,,,,,,,,,,,,,,,,,,,,,,,,,,,,,,,,,,,,,,,,,,,
,,,,,,,,,,,,,,,,,,,,,,,,,,,,,,,,,,,,,,,,,,,,,,,,,,,,,,,,,,,,,,,,,,,,,,,,,,,,,,,,,,,,,,,,,,,,,,,,,,,,,,,,,,,,,,,,,,,,,,,,,,,,,,,,,,,2.061924e+01,3.689065e+00,1.515152e+00,,,,,,,,,,,,,,,,,,,,,1.515152e+00,1.515152e+00,4.545455e+00,4.545455e+00,6.719368e+00,8.893280e+00,4.545455e+00,1.515152e+00,,,,1.515152e+00,6.060606e+00,3.689065e+00,5.204216e+00,,,,,,,,,,,,,,,,,,,,,,,,,,,,,,,4.545455e+00,,3.030303e+00,3.030303e+00,3.030303e+00,3.030303e+00,3.030303e+00,,,,,,,,,,,,,,,,,,,,,,,,,,,,,,,,,,,,,,,,,,,,,,,,,,,,,,,,,,,,,,,,,,,,,,,,,,,,,,,,,,,,,,,,,,,,,,,,,,,,,,,,,,,,,,,,,,,,,,,,,,,,,,,,,,,,,,,,,,,,,,,,,,,,,,,,,,,,,1.515152e+00,,,,,,,,,,,2.173913e+00,,,,,2.173913e+00,,,2.173913e+00,2.173913e+00,2.173913e+00,2.173913e+00,2.173913e+00,2.173913e+00,2.173913e+00,2.173913e+00,2.173913e+00,2.173913e+00,2.173913e+00,2.173913e+00,,,,2.173913e+00,,,,,2.173913e+00,2.173913e+00,2.173913e+00,2.173913e+00,2.173913e+00,2.173913e+00,2.173913e+00,2.173913e+00,5.204216e+00,3.689065e+00,5.204216e+00,5.204216e+00,5.204216e+00,3.689065e+00,3.689065e+00,8.893280e+00,8.893280e+00,8.893280e+00,8.893280e+00,5.204216e+00,5.204216e+00,5.204216e+00,5.204216e+00,3.030303e+00,3.030303e+00,3.030303e+00,3.030303e+00,3.030303e+00,3.030303e+00,1.515152e+00,1.515152e+00,1.515152e+00,1.515152e+00,3.030303e+00,3.030303e+00,3.030303e+00,3.030303e+00,3.030303e+00,1.515152e+00,1.515152e+00,3.030303e+00,3.030303e+00,1.515152e+00,1.515152e+00,1.515152e+00,,,,,,,,,,,,,,,,,,,,,,,,,,,,,,,,,,,,,,,,,,,,,,,,,,,,,,,,,,,,,2.173913e+00,,2.173913e+00,2.173913e+00,2.173913e+00,2.173913e+00,2.173913e+00,,,,,,,,,,,,,,,,,,3.689065e+00,2.173913e+00,2.173913e+00,4.347826e+00,6.521739e+00,2.173913e+00,7.378129e+00,7.378129e+00,7.378129e+00,5.204216e+00,,,1.515152e+00,3.689065e+00,1.515152e+00,1.515152e+00,1.515152e+00,1.515152e+00,1.515152e+00,1.515152e+00,,,,,1.515152e+00,5.862978e+00,1.515152e+00,5.862978e+00,5.862978e+00,1.304348e+01,1.304348e+01,1.304348e+01,8.695652e+00,1.304348e+01,6.521739e+00,,,,,,,4.347826e+00,2.173913e+00,4.347826e+00,4.545455e+00,4.545455e+00,3.030303e+00,3.030303e+00,3.030303e+00,3.030303e+00,4.545455e+00,9.749670e+00,9.749670e+00,1.277997e+01,1.277997e+01,1.277997e+01,1.126482e+01,1.126482e+01,9.749670e+00,3.689065e+00,3.689065e+00,5.204216e+00,5.204216e+00,8.234519e+00,3.689065e+00,8.234519e+00,1.515152e+00,1.515152e+00,1.515152e+00,3.030303e+00,5.204216e+00,5.204216e+00,5.204216e+00,,5.862978e+00,3.689065e+00,3.689065e+00,3.689065e+00,3.689065e+00,3.689065e+00,3.689065e+00,7.378129e+00,7.378129e+00,7.378129e+00,7.378129e+00,7.378129e+00,5.204216e+00,7.378129e+00,7.378129e+00,1.515152e+00,,,,,,,2.173913e+00,4.347826e+00,8.695652e+00,,2.173913e+00,2.173913e+00,,1.515152e+00,2.173913e+00,2.173913e+00,4.347826e+00,2.173913e+00,,2.173913e+00,2.173913e+00,,,,,2.173913e+00,,,,,,,,,,,,,,,,,,,,,,,,,,,,1.515152e+00,,,,,,,,,,,,,,,,,,,,,,,,,,,,,,,,,,,,,,,,,,,,,,
,,,,,,,,,,,,,,,,,,,,,,,,,,,,,,,,,,,,,,,,,,,,,,,,,,,,,,,,,,,,,,,,,,,,,,,,,,,,,,,,,,,,,,,,,,,,,,,,,,,,,,,,,,,,,,,,,,,,1.515152e+00,1.515152e+00,,,1.515152e+00,1.515152e+00,1.515152e+00,1.515152e+00,,,,1.515152e+00,3.689065e+00,,,6.521739e+00,3.689065e+00,1.515152e+00,1.515152e+00,1.515152e+00,1.515152e+00,,1.515152e+00,,,,,,,,,,,,,,,,3.030303e+00,5.204216e+00,6.719368e+00,1.126482e+01,1.343874e+01,2.167325e+01,2.318840e+01,1.515152e+00,1.126482e+01,1.126482e+01,1.515152e+00,2.173913e+00,6.719368e+00,8.234519e+00,1.192358e+01,7.378129e+00,5.204216e+00,1.515152e+00,3.689065e+00,3.689065e+00,5.862978e+00,5.862978e+00,,,,,,,,,,,,,,,,,2.173913e+00,2.173913e+00,,2.173913e+00,2.173913e+00,2.173913e+00,,3.030303e+00,3.030303e+00,1.515152e+00,,,2.173913e+00,,,,,,,,,,,,,,,,,,,,,,,,,,,,,,,,,,,,,,,,,,,,,,,,,,,,,,,,,,,,,,,,,,,,,,,,,,,,,,,,,,,,,,,,,,,,,,,,,,,,,,,,,,,,,,,,,,,,,,,,,,,,,,,,,,,,,,,,,,,,,,,,,,,,,,,,2.173913e+00,,,,,,,2.173913e+00,,,,,,,,2.173913e+00,2.173913e+00,,,,,2.173913e+00,2.173913e+00,,,,,2.173913e+00,,,,2.173913e+00,4.347826e+00,4.347826e+00,2.173913e+00,,4.347826e+00,4.347826e+00,3.689065e+00,3.689065e+00,3.689065e+00,2.173913e+00,2.173913e+00,2.173913e+00,2.173913e+00,2.173913e+00,2.173913e+00,2.173913e+00,2.173913e+00,2.173913e+00,4.347826e+00,2.173913e+00,7.378129e+00,1.475626e+01,1.040843e+01,1.040843e+01,1.258235e+01,1.475626e+01,1.475626e+01,1.040843e+01,8.893280e+00,8.893280e+00,8.893280e+00,8.893280e+00,8.893280e+00,6.719368e+00,6.719368e+00,1.515152e+00,5.204216e+00,5.204216e+00,5.204216e+00,3.030303e+00,4.545455e+00,4.545455e+00,1.515152e+00,1.515152e+00,1.515152e+00,1.515152e+00,1.515152e+00,3.030303e+00,1.515152e+00,1.515152e+00,1.515152e+00,1.515152e+00,1.515152e+00,1.515152e+00,1.515152e+00,1.515152e+00,1.515152e+00,1.515152e+00,,,,,,,,,,,,,,,,,,,,,,,,,,,,,,,,,,,,,,,,,,,,,,2.173913e+00,,,2.173913e+00,,,2.173913e+00,,,,,,,,,,,,,,,,,,,,,,,,,,,,,,2.173913e+00,4.347826e+00,2.173913e+00,5.204216e+00,5.204216e+00,4.347826e+00,9.552042e+00,8.036890e+00,,5.204216e+00,3.030303e+00,1.515152e+00,3.030303e+00,3.030303e+00,3.030303e+00,1.515152e+00,1.515152e+00,1.515152e+00,,,,,,1.515152e+00,3.689065e+00,5.862978e+00,3.689065e+00,8.036890e+00,1.021080e+01,1.238472e+01,5.862978e+00,1.021080e+01,1.389987e+01,1.086957e+01,1.086957e+01,1.086957e+01,1.238472e+01,1.455863e+01,1.607378e+01,8.893280e+00,8.036890e+00,8.036890e+00,8.036890e+00,4.347826e+00,2.173913e+00,,,,1.515152e+00,3.030303e+00,1.515152e+00,1.515152e+00,1.515152e+00,3.030303e+00,9.749670e+00,1.126482e+01,1.277997e+01,1.277997e+01,1.277997e+01,1.277997e+01,1.429513e+01,9.749670e+00,5.204216e+00,5.204216e+00,5.204216e+00,5.204216e+00,8.234519e+00,8.234519e+00,8.234519e+00,1.515152e+00,1.515152e+00,1.515152e+00,1.515152e+00,3.689065e+00,6.719368e+00,5.204216e+00,6.719368e+00,8.234519e+00,8.234519e+00,8.234519e+00,8.234519e+00,8.234519e+00,8.234519e+00,8.234519e+00,7.378129e+00,7.378129e+00,7.378129e+00,7.378129e+00,7.378129e+00,8.036890e+00,5.862978e+00,5.862978e+00,,,,,,,,,,,,,,,,4.347826e+00,2.173913e+00,4.347826e+00,4.347826e+00,,,,,,,,,,,,,,,,,,,,,,,,,,,,,,,,,,,,,,,,,,,,,,,,,,,,,,,,,,,,,,,,,,,,,,,,,,,,,,,,,,
,,,,,,,,,,,,,,,,,,,,,,,,,,,,,,,,,,,,,,,,,,,,,,,,,,,,,,,,,,,,,,,,,,,,,,,,,,,,,,,,,,,,,,,,,,,,,,,,,,,,,,,,,,,,,,,,,,,4.347826e+00,1.515152e+00,,1.515152e+00,,1.515152e+00,,,1.515152e+00,,,,,,,,1.541502e+01,3.689065e+00,1.515152e+00,,,,,,,,,,,,,,,,,,,,,3.030303e+00,5.204216e+00,5.204216e+00,6.719368e+00,5.204216e+00,6.719368e+00,8.234519e+00,3.030303e+00,,,,1.515152e+00,3.030303e+00,4.545455e+00,5.204216e+00,5.204216e+00,5.204216e+00,3.689065e+00,3.689065e+00,3.689065e+00,3.689065e+00,3.689065e+00,3.689065e+00,,,,,,,,,,,,,,,2.173913e+00,2.173913e+00,,,,,,,,,,,,2.173913e+00,,,,,,,,,,,,,,,,,,,,,,,,,,,,,,,,,,,,,,,,,,,,,,,,,,,,,,,,,,,,,,,,,,,,,,,,,,,,,,,,,,,,,,,,,,,,,,,,,,,,,,,,,,,,,,,,,,,,,,,,,,,,,,,,,,,,,,,,,,,,,,,,,,,,,,,,,,,,,,,2.173913e+00,,,,,,,,2.173913e+00,2.173913e+00,2.173913e+00,2.173913e+00,2.173913e+00,2.173913e+00,,2.173913e+00,,2.173913e+00,,,,,,4.347826e+00,4.347826e+00,4.347826e+00,4.347826e+00,4.347826e+00,4.347826e+00,4.347826e+00,4.347826e+00,,2.173913e+00,3.689065e+00,2.173913e+00,2.173913e+00,2.173913e+00,2.173913e+00,3.689065e+00,2.173913e+00,2.173913e+00,3.689065e+00,3.689065e+00,2.173913e+00,2.173913e+00,7.378129e+00,1.324111e+01,1.258235e+01,1.106719e+01,1.475626e+01,1.324111e+01,1.106719e+01,1.106719e+01,8.893280e+00,8.893280e+00,8.893280e+00,8.893280e+00,6.719368e+00,3.030303e+00,1.515152e+00,1.515152e+00,1.515152e+00,5.204216e+00,1.515152e+00,1.515152e+00,3.030303e+00,3.030303e+00,1.515152e+00,1.515152e+00,1.515152e+00,1.515152e+00,1.515152e+00,3.030303e+00,1.515152e+00,1.515152e+00,3.030303e+00,1.515152e+00,1.515152e+00,1.515152e+00,1.515152e+00,1.515152e+00,1.515152e+00,,,,,,,,,,,,,,,,,,,,,,,,,,,,,,,,,,,,,,,,,,,,,,,,,,,,,,,,,,,,,,,,,,,,,,,,,,,,,,,,,,,4.347826e+00,,,4.347826e+00,5.204216e+00,5.204216e+00,7.378129e+00,1.106719e+01,3.030303e+00,3.030303e+00,,5.204216e+00,5.204216e+00,3.030303e+00,4.545455e+00,3.030303e+00,3.030303e+00,1.515152e+00,1.515152e+00,,,,1.515152e+00,1.515152e+00,,3.689065e+00,1.515152e+00,1.515152e+00,3.689065e+00,5.862978e+00,5.862978e+00,1.021080e+01,1.021080e+01,1.086957e+01,1.086957e+01,1.086957e+01,1.086957e+01,1.086957e+01,1.086957e+01,6.521739e+00,6.521739e+00,6.521739e+00,6.521739e+00,4.347826e+00,2.173913e+00,4.347826e+00,4.347826e+00,,1.515152e+00,1.515152e+00,1.515152e+00,3.030303e+00,1.515152e+00,3.030303e+00,1.277997e+01,1.126482e+01,1.277997e+01,9.749670e+00,1.429513e+01,1.126482e+01,1.126482e+01,3.030303e+00,7.378129e+00,7.378129e+00,5.204216e+00,9.552042e+00,7.378129e+00,5.204216e+00,5.204216e+00,2.173913e+00,,1.515152e+00,1.515152e+00,1.515152e+00,3.689065e+00,5.204216e+00,6.719368e+00,8.234519e+00,8.234519e+00,8.234519e+00,8.234519e+00,8.234519e+00,8.234519e+00,8.234519e+00,7.378129e+00,7.378129e+00,7.378129e+00,7.378129e+00,5.862978e+00,5.862978e+00,7.378129e+00,5.862978e+00,,,,,,,,,,,,,,1.515152e+00,1.515152e+00,4.347826e+00,2.173913e+00,4.347826e+00,4.347826e+00,4.347826e+00,4.347826e+00,,,,,,2.173913e+00,,,,,,,,,,,,,,,,,,,,,,,,,,,,,,,,,,,,,,,,,,,,,,,,,,,,,,,,,,,,,,,,,,,,,,,,,,
,,,,,,,,,,,,,,,,,,,,,,,,,,,,,,,,,,,,,,,,,,,,,,,,,,,,,,,,,,,,,,,,,,,,,,,,,,,,,,,,,,,,,,,,,,,,,,,,,,,,,,,,,,,,,,,,,,,,,,,1.515152e+00,,1.515152e+00,1.515152e+00,,,,,2.173913e+00,,,,1.021080e+01,4.347826e+00,,3.030303e+00,,,,,,,,,,,,,,,,,,,,,3.030303e+00,3.030303e+00,3.030303e+00,4.545455e+00,3.030303e+00,3.030303e+00,,,,,,1.515152e+00,4.545455e+00,1.192358e+01,7.378129e+00,7.378129e+00,3.689065e+00,3.689065e+00,3.689065e+00,3.689065e+00,3.689065e+00,,,,,2.173913e+00,,,,,,,,,,,2.173913e+00,2.173913e+00,2.173913e+00,2.173913e+00,,,2.173913e+00,,,,,,,,,,,,,,,,,,,,,,,,,,,,,,,,,,,,,,,,,,,,,,,,,,,,,,,,,,,,,,,,,,,,,,,,,,,,,,,,,,,,,,,,,,,,,,,,,,,,,,,,,,,,,,,,,,,,,,,,,,,,,,,,,,,,,,,,,,,,,,,,,,,,,,,,,,,,,,,,,,,,,2.173913e+00,2.173913e+00,,,,,,,,,,2.173913e+00,2.173913e+00,,,,2.173913e+00,2.173913e+00,2.173913e+00,2.173913e+00,,,,,4.347826e+00,4.347826e+00,4.347826e+00,2.173913e+00,6.521739e+00,4.347826e+00,2.173913e+00,2.173913e+00,2.173913e+00,2.173913e+00,2.173913e+00,,,,,,,,,,3.689065e+00,1.515152e+00,3.689065e+00,1.106719e+01,1.106719e+01,1.106719e+01,1.475626e+01,1.324111e+01,1.324111e+01,1.324111e+01,8.893280e+00,8.893280e+00,8.893280e+00,4.545455e+00,1.515152e+00,1.515152e+00,3.030303e+00,1.515152e+00,1.515152e+00,1.515152e+00,1.515152e+00,1.515152e+00,1.515152e+00,1.515152e+00,1.515152e+00,1.515152e+00,1.515152e+00,1.515152e+00,1.515152e+00,1.515152e+00,1.515152e+00,1.515152e+00,1.515152e+00,1.515152e+00,1.515152e+00,1.515152e+00,1.515152e+00,,1.515152e+00,1.515152e+00,,,,,,1.515152e+00,1.515152e+00,1.515152e+00,1.515152e+00,,,,,,,,,,,,,,,,,,,,,,,,,,,,,,,,,,,,,,,,,,2.173913e+00,,,,,,,,,,,,,,,,,,,,,,,,,,,,,,,,,,,2.173913e+00,1.324111e+01,9.552042e+00,1.106719e+01,7.378129e+00,5.204216e+00,3.030303e+00,3.030303e+00,,,4.545455e+00,3.030303e+00,4.545455e+00,1.515152e+00,1.515152e+00,1.515152e+00,1.515152e+00,1.515152e+00,,1.515152e+00,,1.515152e+00,3.689065e+00,3.689065e+00,8.036890e+00,8.036890e+00,3.689065e+00,7.378129e+00,8.695652e+00,1.021080e+01,6.521739e+00,1.086957e+01,1.238472e+01,1.086957e+01,1.086957e+01,4.347826e+00,6.521739e+00,6.521739e+00,4.347826e+00,4.347826e+00,,4.347826e+00,4.347826e+00,5.204216e+00,3.030303e+00,1.515152e+00,3.030303e+00,4.545455e+00,1.515152e+00,4.545455e+00,1.126482e+01,8.234519e+00,9.749670e+00,1.277997e+01,1.040843e+01,6.719368e+00,4.545455e+00,6.719368e+00,7.378129e+00,8.036890e+00,8.036890e+00,9.552042e+00,9.552042e+00,7.378129e+00,9.552042e+00,2.173913e+00,2.173913e+00,2.173913e+00,,1.515152e+00,1.515152e+00,5.204216e+00,6.719368e+00,8.234519e+00,8.234519e+00,8.234519e+00,8.234519e+00,8.234519e+00,6.719368e+00,6.719368e+00,7.378129e+00,7.378129e+00,7.378129e+00,7.378129e+00,7.378129e+00,5.862978e+00,5.862978e+00,5.862978e+00,,,,,,,,,,,,,,,,2.173913e+00,,,,2.173913e+00,4.347826e+00,4.347826e+00,,,,,2.173913e+00,2.173913e+00,,,,,,,,,,,,,,,,,,,,,,,,,,,,,,,,,,,,,,,,,,,,,,,,,,,,,,,,,,,,,,,,,,,,,,,,,
,,,,,,,,,,,,,,,,,,,,,,,,,,,,,,,,,,,,,,,,,,,,,,,,,,,,,,,,,,,,,,,,,,,,,,,,,,,,,,,,,,,,,,,,,,,,,,,,,,,,,,,,,,,,,,,,,,,,,,,1.515152e+00,,,,,,,,,,,,2.173913e+00,1.172596e+01,1.515152e+00,,,,,,,,,,1.515152e+00,1.515152e+00,,,4.347826e+00,,,,,,,2.173913e+00,1.515152e+00,3.689065e+00,3.689065e+00,3.689065e+00,1.126482e+01,8.234519e+00,1.515152e+00,1.515152e+00,1.515152e+00,,,1.515152e+00,3.689065e+00,1.343874e+01,3.030303e+00,8.234519e+00,6.719368e+00,4.545455e+00,3.030303e+00,3.030303e+00,,,,,,,,,,,,,,,,,,,,,,,,,,,,,,,,,,,,,,,,,,,,,,,,,,,,,,,,,,,,,,,,,,,,,,,,,,,,,,,,,,,,,,,,,,,,,,,,,,,,,,,,,,,,,,,,,,,,,,,,,,,,,,,,,,,,,,,,,,,,,,,,,,,,,,,,,,,,,,,,,,,,,,,,,,,,,,,,,,,,,,,,,,,,,2.173913e+00,2.173913e+00,2.173913e+00,2.173913e+00,2.173913e+00,,2.173913e+00,2.173913e+00,,,,2.173913e+00,2.173913e+00,2.173913e+00,2.173913e+00,2.173913e+00,2.173913e+00,2.173913e+00,2.173913e+00,2.173913e+00,2.173913e+00,2.173913e+00,2.173913e+00,2.173913e+00,4.347826e+00,2.173913e+00,2.173913e+00,2.173913e+00,2.173913e+00,,2.173913e+00,5.862978e+00,5.862978e+00,,,,,,,,2.173913e+00,,,2.173913e+00,1.515152e+00,6.719368e+00,1.324111e+01,1.324111e+01,1.324111e+01,1.324111e+01,1.324111e+01,1.324111e+01,1.324111e+01,1.040843e+01,1.561265e+01,1.258235e+01,8.234519e+00,5.204216e+00,5.204216e+00,5.204216e+00,5.204216e+00,1.515152e+00,1.515152e+00,1.515152e+00,1.515152e+00,1.515152e+00,1.515152e+00,1.515152e+00,1.515152e+00,1.515152e+00,1.515152e+00,1.515152e+00,1.515152e+00,1.515152e+00,1.515152e+00,1.515152e+00,1.515152e+00,,1.515152e+00,1.515152e+00,1.515152e+00,1.515152e+00,1.515152e+00,1.515152e+00,,,,,1.515152e+00,1.515152e+00,1.515152e+00,,,,,,0.000000e+00,,,,,,,,,,1.515152e+00,,,,,,,,,,,,,,,,,,,,,,,,,,,,,,,,,,,,,,,,,,,,,1.515152e+00,,,,,,,,,,,,,,,,,,,4.347826e+00,6.521739e+00,3.689065e+00,5.204216e+00,1.515152e+00,1.515152e+00,3.030303e+00,3.030303e+00,3.030303e+00,3.030303e+00,1.515152e+00,,,1.515152e+00,1.515152e+00,1.515152e+00,1.515152e+00,1.515152e+00,1.515152e+00,4.347826e+00,4.347826e+00,4.347826e+00,4.347826e+00,,5.862978e+00,5.862978e+00,8.036890e+00,6.521739e+00,4.347826e+00,6.521739e+00,6.521739e+00,6.521739e+00,6.521739e+00,1.040843e+01,1.172596e+01,1.238472e+01,6.521739e+00,1.021080e+01,5.862978e+00,1.021080e+01,1.040843e+01,1.515152e+00,1.515152e+00,3.030303e+00,1.515152e+00,1.515152e+00,1.515152e+00,3.030303e+00,4.545455e+00,6.060606e+00,8.234519e+00,6.060606e+00,6.060606e+00,3.030303e+00,4.545455e+00,5.204216e+00,7.378129e+00,5.862978e+00,5.862978e+00,7.378129e+00,7.378129e+00,5.204216e+00,5.204216e+00,2.173913e+00,,,1.515152e+00,1.515152e+00,5.204216e+00,5.204216e+00,6.719368e+00,8.234519e+00,8.234519e+00,8.234519e+00,8.234519e+00,6.719368e+00,6.719368e+00,6.719368e+00,3.689065e+00,1.515152e+00,3.689065e+00,1.515152e+00,3.689065e+00,3.689065e+00,3.689065e+00,1.515152e+00,,,,,,2.173913e+00,2.173913e+00,,,,3.689065e+00,3.689065e+00,5.862978e+00,1.515152e+00,,,,2.173913e+00,2.173913e+00,,,,,,,,,,,,,,,,,,,,,,,,,,,,,,,,,,,,,,,,,,,,,,,,,,,,,,,,,,,,,,,,,,,,,,,,,,,,,,,,,,
,,,,,,,,,,,,,,,,,,,,,,,,,,,,,,,,,,,,,,,,,,,,,,,,,,,,,,,,,,,,,,,,,,,,,,,,,,,,,,,,,,,,,,,,,,,,,,,,,,,,,,,,,,,,,,,,,,,,,1.515152e+00,,,,,,,,,,,,,1.515152e+00,2.173913e+00,2.173913e+00,2.173913e+00,,,,,,,,1.515152e+00,1.515152e+00,1.515152e+00,1.515152e+00,,,7.378129e+00,7.378129e+00,4.347826e+00,7.378129e+00,5.204216e+00,1.515152e+00,3.689065e+00,5.862978e+00,4.347826e+00,2.173913e+00,3.689065e+00,5.862978e+00,7.378129e+00,5.862978e+00,1.515152e+00,5.862978e+00,1.515152e+00,4.545455e+00,1.515152e+00,3.030303e+00,1.515152e+00,7.378129e+00,3.030303e+00,1.515152e+00,1.778656e+01,9.090909e+00,1.040843e+01,1.192358e+01,1.192358e+01,3.030303e+00,3.030303e+00,4.545455e+00,3.030303e+00,3.030303e+00,3.030303e+00,3.030303e+00,3.030303e+00,,,,,,,,,,,,,,,,,,,,,,,,,,,,,,,,,,,,,,,,,,,,,,2.173913e+00,2.173913e+00,,,,,,,,,,,,,,,,,,,,,,,,,,,,,,,,,,,,,,,,,,,,,,,,,,,,,,,,,,,,,,,,,,,,,,,,,,,,,,,,,,,,,,,,,,,,,,,,,,,,,,,,,,,,,,,,,,,,,,,,,,,,,,,,,,,,,,3.030303e+00,,,,1.515152e+00,,,1.515152e+00,,,2.173913e+00,3.689065e+00,2.173913e+00,2.173913e+00,1.515152e+00,3.689065e+00,3.689065e+00,3.689065e+00,3.689065e+00,5.204216e+00,,3.689065e+00,2.173913e+00,2.173913e+00,2.173913e+00,2.173913e+00,2.173913e+00,3.689065e+00,3.689065e+00,3.689065e+00,5.204216e+00,6.521739e+00,5.862978e+00,2.173913e+00,,,2.173913e+00,2.173913e+00,3.689065e+00,2.173913e+00,2.173913e+00,,,,3.689065e+00,1.192358e+01,8.893280e+00,8.893280e+00,9.552042e+00,9.552042e+00,9.552042e+00,7.378129e+00,9.552042e+00,2.081686e+01,1.627141e+01,8.893280e+00,6.719368e+00,5.204216e+00,5.204216e+00,1.515152e+00,1.515152e+00,1.515152e+00,1.515152e+00,1.515152e+00,1.515152e+00,,,1.515152e+00,1.515152e+00,1.515152e+00,1.515152e+00,1.515152e+00,1.515152e+00,1.515152e+00,1.515152e+00,,,1.515152e+00,1.515152e+00,,1.515152e+00,1.515152e+00,,,,,,1.515152e+00,1.515152e+00,1.515152e+00,,,,,0.000000e+00,,,,,,,,1.515152e+00,,1.515152e+00,1.515152e+00,1.515152e+00,1.515152e+00,1.515152e+00,1.515152e+00,1.515152e+00,1.515152e+00,,,,,,,,,,,,,,,,,,,,,,,,,,,,,,,,,,,,,2.173913e+00,2.173913e+00,2.173913e+00,4.347826e+00,2.173913e+00,2.173913e+00,2.173913e+00,2.173913e+00,2.173913e+00,,,,,,,,,,,,,,,1.515152e+00,1.515152e+00,,,,,,,,,,,1.515152e+00,1.515152e+00,1.515152e+00,1.515152e+00,4.545455e+00,4.545455e+00,7.378129e+00,7.378129e+00,3.030303e+00,3.030303e+00,3.030303e+00,7.378129e+00,7.378129e+00,7.378129e+00,1.106719e+01,7.378129e+00,7.378129e+00,9.552042e+00,9.552042e+00,3.689065e+00,6.521739e+00,8.036890e+00,2.173913e+00,4.347826e+00,6.521739e+00,7.378129e+00,1.627141e+01,3.030303e+00,6.719368e+00,3.030303e+00,6.060606e+00,3.030303e+00,5.204216e+00,8.234519e+00,3.030303e+00,1.515152e+00,1.515152e+00,1.515152e+00,3.030303e+00,1.515152e+00,1.515152e+00,4.545455e+00,,2.173913e+00,2.173913e+00,1.515152e+00,,,,,,,,,5.204216e+00,6.719368e+00,8.234519e+00,8.234519e+00,8.234519e+00,8.234519e+00,5.204216e+00,5.204216e+00,5.204216e+00,5.204216e+00,,,,,,,,1.515152e+00,4.347826e+00,4.347826e+00,4.347826e+00,4.347826e+00,4.347826e+00,6.521739e+00,4.347826e+00,1.515152e+00,3.689065e+00,5.862978e+00,8.036890e+00,3.689065e+00,3.689065e+00,,,,,,,,,,,,,,,,,,,,,,,,,,,,,,,,,,,,,,,,,,,,,,,,,,,,,,,,,,,,,,,,,,,,,,,,,,,,,,,,,,,,,,,,
,,,,,,,,,,,,,,,,,,,,,,,,,,,,,,,,,,,,,,,,,,,,,,,,,,,,,,,,,,,,,,,,,,,,,,,,,,,,,,,,,,,,,,,,,,,,,,,,,,,,,,,,,,,,,,,,,,,,,,,,,,,,,,,,,,,2.173913e+00,,,,,,,,,,,1.515152e+00,,,,,,,1.515152e+00,5.862978e+00,1.515152e+00,,,2.173913e+00,3.689065e+00,3.689065e+00,5.204216e+00,2.173913e+00,5.862978e+00,5.862978e+00,5.862978e+00,5.862978e+00,4.545455e+00,4.545455e+00,6.719368e+00,3.030303e+00,8.893280e+00,3.030303e+00,2.173913e+00,2.173913e+00,5.204216e+00,8.893280e+00,8.893280e+00,1.561265e+01,1.258235e+01,4.545455e+00,4.545455e+00,3.030303e+00,3.030303e+00,4.545455e+00,,,,,,,,,,,,,,,,,,,,,,,,,,,,,,,,,,,,,,,,,,,,,,,,,,,,,,,,,,,,,,,,,,,,,,,,,,,,,,,,,,,,,,,,,,,,,,,,,,,,,,,,,,,,,,,,,,,,,,,,,,,,,,,,,,,,,,,,,,,,,,,,,,,,,,,,,,,,,,,,,,,,,,,,,,,,,,,,,,1.515152e+00,1.515152e+00,,,,,,,,,,,2.173913e+00,,2.173913e+00,2.173913e+00,2.173913e+00,2.173913e+00,2.173913e+00,2.173913e+00,2.173913e+00,3.689065e+00,3.689065e+00,3.689065e+00,3.689065e+00,3.689065e+00,3.689065e+00,3.689065e+00,2.173913e+00,2.173913e+00,2.173913e+00,2.173913e+00,2.173913e+00,2.173913e+00,3.689065e+00,3.689065e+00,3.689065e+00,7.378129e+00,7.378129e+00,4.347826e+00,2.173913e+00,5.862978e+00,2.173913e+00,,,,,2.173913e+00,,,,3.030303e+00,3.030303e+00,8.893280e+00,7.378129e+00,1.515152e+00,1.515152e+00,1.515152e+00,5.204216e+00,7.378129e+00,8.893280e+00,5.204216e+00,5.204216e+00,3.030303e+00,3.030303e+00,1.515152e+00,1.515152e+00,1.515152e+00,1.515152e+00,1.515152e+00,1.515152e+00,,,,1.515152e+00,1.515152e+00,1.515152e+00,1.515152e+00,1.515152e+00,,1.515152e+00,1.515152e+00,,,,,,1.515152e+00,,,1.515152e+00,,1.515152e+00,1.515152e+00,1.515152e+00,1.515152e+00,,,,,,,,,,,1.515152e+00,,1.515152e+00,,1.515152e+00,1.515152e+00,1.515152e+00,1.515152e+00,1.515152e+00,1.515152e+00,1.515152e+00,1.515152e+00,,,,,,,,,,,,,,,,,,,,,,,,,,,,,,,,,,,,,,,2.173913e+00,2.173913e+00,2.173913e+00,2.173913e+00,2.173913e+00,2.173913e+00,2.173913e+00,,,,,,,,,,,,,,,,,,,1.515152e+00,,,,,,,,,,1.515152e+00,1.515152e+00,6.719368e+00,8.893280e+00,7.378129e+00,5.862978e+00,5.862978e+00,5.862978e+00,5.862978e+00,7.378129e+00,7.378129e+00,5.862978e+00,9.552042e+00,9.552042e+00,3.689065e+00,8.036890e+00,1.172596e+01,8.036890e+00,8.036890e+00,6.521739e+00,2.173913e+00,4.347826e+00,2.173913e+00,8.036890e+00,1.389987e+01,3.030303e+00,8.234519e+00,1.040843e+01,6.719368e+00,5.204216e+00,5.204216e+00,3.689065e+00,1.515152e+00,1.515152e+00,1.515152e+00,1.515152e+00,3.030303e+00,3.030303e+00,1.515152e+00,3.030303e+00,,,,,,,,2.173913e+00,2.173913e+00,,,,5.204216e+00,6.719368e+00,8.234519e+00,6.719368e+00,5.204216e+00,5.204216e+00,5.204216e+00,5.204216e+00,5.204216e+00,5.204216e+00,,,,,,,,,4.347826e+00,4.347826e+00,5.862978e+00,5.862978e+00,5.862978e+00,5.862978e+00,5.862978e+00,3.689065e+00,8.036890e+00,3.689065e+00,3.689065e+00,,,,,,,,,,,,,,,,,,,,,,,,,,,,,,,,,,,,,,,,,,,,,,,,,,,,,,,,,,,,,,,,,,,,,,,,,,,,,,,,,,,,,,,,,,
,,,,,,,,,,,,,,,,,,,,,,,,,,,,,,,,,,,,,,,,,,,,,,,,,,,,,,,,,,,,,,,,,,,,,,,,,,,,,,,,,,,,,,,,,,,,,,,,,,,,,,,,,,,,,,,,,,,,,,,,,,,,,,,,,,,,,,2.173913e+00,,,,,,,,,,,,,1.515152e+00,,,3.689065e+00,,1.515152e+00,2.173913e+00,2.173913e+00,2.173913e+00,3.689065e+00,3.689065e+00,5.204216e+00,3.689065e+00,3.689065e+00,3.030303e+00,3.030303e+00,4.545455e+00,8.234519e+00,6.719368e+00,8.893280e+00,1.495389e+01,1.798419e+01,3.030303e+00,3.030303e+00,7.575758e+00,1.192358e+01,1.409750e+01,1.409750e+01,8.893280e+00,3.030303e+00,4.545455e+00,4.545455e+00,,,,,,,,,,,,,,,,,,,,,,,,,,,,,,,,,,,,,,,,,,,,,,,,,,,,,,,,,,,,,,,,,,,,,,,,,,,,,,,,,,,,,,,,,,,,,,,,,,,,,,,,,,,,,,,,,,,,,,,,,,,,,,,,,,,,,,,,,,,,,,,,,,,,,,,,,,,,,,,,,,,,,,,,,,,,,,,,,,,,1.515152e+00,,,,,,,3.030303e+00,,,,,2.173913e+00,2.173913e+00,,2.173913e+00,2.173913e+00,2.173913e+00,2.173913e+00,2.173913e+00,2.173913e+00,,,,,,,,,,,,,,2.173913e+00,3.689065e+00,,,3.689065e+00,3.689065e+00,3.689065e+00,1.515152e+00,1.515152e+00,,,2.173913e+00,2.173913e+00,,2.173913e+00,,,3.030303e+00,6.719368e+00,8.893280e+00,8.893280e+00,1.515152e+00,1.515152e+00,1.515152e+00,3.030303e+00,1.515152e+00,5.204216e+00,3.030303e+00,3.030303e+00,3.030303e+00,3.030303e+00,1.515152e+00,1.515152e+00,,,,,,,,1.515152e+00,1.515152e+00,1.515152e+00,1.515152e+00,1.515152e+00,1.515152e+00,1.515152e+00,3.689065e+00,3.689065e+00,2.173913e+00,,,,1.515152e+00,,1.515152e+00,1.515152e+00,,,,,,,,,,,,,,,,,,1.515152e+00,1.515152e+00,1.515152e+00,1.515152e+00,1.515152e+00,1.515152e+00,1.515152e+00,,,,,,,,,,,,,,,,,,,,,,,,,,,,,,,,,,,,,,,,,,2.173913e+00,2.173913e+00,2.173913e+00,,2.173913e+00,2.173913e+00,2.173913e+00,,,,,,,,,,,,,,,,,,,,,,1.515152e+00,,,,,,,,,1.515152e+00,7.378129e+00,8.893280e+00,8.893280e+00,5.862978e+00,7.378129e+00,4.347826e+00,7.378129e+00,9.552042e+00,7.378129e+00,5.862978e+00,7.378129e+00,5.204216e+00,2.173913e+00,2.173913e+00,4.347826e+00,6.521739e+00,6.521739e+00,4.347826e+00,4.347826e+00,4.347826e+00,6.521739e+00,8.036890e+00,1.515152e+00,1.515152e+00,1.515152e+00,5.862978e+00,3.689065e+00,4.347826e+00,5.862978e+00,,1.515152e+00,3.030303e+00,3.030303e+00,3.030303e+00,3.030303e+00,1.515152e+00,5.204216e+00,,,,,,,,,2.173913e+00,,,,6.719368e+00,6.719368e+00,8.234519e+00,5.204216e+00,,,,,,2.173913e+00,,,,,1.515152e+00,,,1.515152e+00,4.347826e+00,5.862978e+00,5.862978e+00,5.862978e+00,5.862978e+00,5.862978e+00,7.378129e+00,3.689065e+00,5.862978e+00,3.689065e+00,3.689065e+00,2.173913e+00,2.173913e+00,,2.173913e+00,,,1.515152e+00,,,,,,,,,,,,,,,,,,,,,,,,,,,,,,,,,,,,,,,,,,,,,,,,,,,,,,,,,,,,,,,,,,,,,,,,,,,,,,,,,,,
,,,,,,,,,,,,,,,,,,,,,,,,,,,,,,,,,,,,,,,,,,,,,,,,,,,,,,,,,,,,,,,,,,,,,,,,,,,,,,,,,,,,,,,,,,,,,,,,,,,,,,,,,,,,,,,,,,,,,,,,,,,,2.173913e+00,,,,,,,,,,,,,,2.173913e+00,3.689065e+00,3.689065e+00,,,,,,,2.173913e+00,2.173913e+00,2.173913e+00,2.173913e+00,,,,,,,3.689065e+00,3.689065e+00,3.689065e+00,3.689065e+00,1.515152e+00,1.515152e+00,1.515152e+00,1.515152e+00,1.515152e+00,4.545455e+00,6.060606e+00,1.363636e+01,2.081686e+01,1.646904e+01,1.495389e+01,2.516469e+01,9.090909e+00,9.090909e+00,1.258235e+01,8.036890e+00,,,,,,,6.521739e+00,,,,,,,,,,,,,4.347826e+00,,,,,,,,,,,,,,,,,,,,,,,,,,,,,,,,,,,,,,,,,,,,,,,,,,,,,,,,,,,,,,,,,,,,,,,,,,,,,,,,,,,,,,,,,,,,,,,,,,,,,,,,,,,,,,,,,,,,,,,,,,,,,,,,,,,,,,,,,,,,,,,,,,,,,,,,,,,,,,,,1.515152e+00,1.515152e+00,1.515152e+00,1.515152e+00,1.515152e+00,1.515152e+00,3.030303e+00,4.545455e+00,3.030303e+00,3.030303e+00,1.515152e+00,,,3.030303e+00,1.515152e+00,,,2.173913e+00,2.173913e+00,2.173913e+00,,,,,,,,,,,,,,,,,5.862978e+00,3.689065e+00,1.515152e+00,1.515152e+00,1.515152e+00,1.515152e+00,1.515152e+00,1.515152e+00,,,,2.173913e+00,3.689065e+00,1.040843e+01,7.378129e+00,7.378129e+00,1.040843e+01,3.030303e+00,6.719368e+00,6.719368e+00,1.409750e+01,7.378129e+00,3.689065e+00,3.689065e+00,,2.173913e+00,2.173913e+00,,2.173913e+00,2.173913e+00,2.173913e+00,,1.515152e+00,1.515152e+00,1.515152e+00,1.515152e+00,1.515152e+00,1.515152e+00,1.515152e+00,1.515152e+00,1.515152e+00,1.515152e+00,8.036890e+00,8.036890e+00,1.515152e+00,1.515152e+00,1.515152e+00,,,,,,,,,,,,,,0.000000e+00,,,,,,,,,,,,,,,,,1.515152e+00,,,,,,,,,,,,,,,,,,,,,,,,,,,,,,4.347826e+00,4.347826e+00,4.347826e+00,4.347826e+00,4.347826e+00,4.347826e+00,4.347826e+00,,,,,,,,,,,,,,,2.173913e+00,,,,,,,,,,,,,,,,,,,,,1.515152e+00,3.030303e+00,1.515152e+00,,,,,,,,,,,,,1.515152e+00,1.515152e+00,2.173913e+00,5.204216e+00,5.204216e+00,2.173913e+00,,,,1.515152e+00,3.689065e+00,2.173913e+00,3.689065e+00,2.173913e+00,2.173913e+00,4.347826e+00,2.173913e+00,8.036890e+00,8.036890e+00,4.347826e+00,1.021080e+01,4.347826e+00,4.347826e+00,6.521739e+00,8.695652e+00,2.173913e+00,,,,,7.378129e+00,4.347826e+00,5.204216e+00,2.173913e+00,3.689065e+00,2.173913e+00,3.689065e+00,2.173913e+00,2.173913e+00,,,2.173913e+00,1.515152e+00,1.515152e+00,3.030303e+00,3.030303e+00,,2.173913e+00,2.173913e+00,,,,,,2.173913e+00,,2.173913e+00,2.173913e+00,2.173913e+00,2.173913e+00,2.173913e+00,2.173913e+00,5.862978e+00,5.862978e+00,5.862978e+00,5.862978e+00,5.862978e+00,5.862978e+00,5.862978e+00,7.378129e+00,1.172596e+01,1.389987e+01,1.389987e+01,7.378129e+00,5.862978e+00,,4.347826e+00,,,1.515152e+00,2.173913e+00,,,,,,,,,,,,,,,,,,,,,,,,,,,,,,,,,,,,,,,,,,,,,,,,,,,,,,,,,,,,,,,,,,,,,,,,,,,,,,,,,,,
,,,,,,,,,,,,,,,,,,,,,,,,,,,,,,,,,,,,,,,,,,,,,,,,,,,,,,,,,,,,,,,,,,,,,,,,,,,,,,,,,,,,,,,,,,,,,,,,,,,,,,,,,,,,,,,,,,,,,,,,,,,,2.173913e+00,,,,,,,,,,,,,,,3.689065e+00,3.689065e+00,3.689065e+00,,,,,,2.173913e+00,2.173913e+00,2.173913e+00,2.173913e+00,,,,1.515152e+00,1.515152e+00,3.030303e+00,3.030303e+00,3.030303e+00,3.030303e+00,3.030303e+00,1.515152e+00,1.515152e+00,1.515152e+00,1.515152e+00,1.515152e+00,1.515152e+00,4.545455e+00,1.126482e+01,1.126482e+01,1.126482e+01,1.126482e+01,3.102767e+01,9.749670e+00,1.778656e+01,1.040843e+01,,3.689065e+00,,,4.347826e+00,4.347826e+00,5.862978e+00,4.347826e+00,,,,,,,,,,,,2.173913e+00,2.173913e+00,2.173913e+00,,2.173913e+00,2.173913e+00,,,,2.173913e+00,2.173913e+00,2.173913e+00,2.173913e+00,,,,,2.173913e+00,2.173913e+00,,,,,,,,,,,,,,,,,,,,,,,,,,,,,,,,,,,,,,,,,,,,,,,,,,,,,,,,,,,,,,,,,,,,,,,,,,,,,,,,,,,,,,,,,,,,,,,,,,,,,,,,,,,,,,,,,,,,,,,,,,,,,,,,,,,,,,,,,,,,,,,1.515152e+00,1.515152e+00,1.515152e+00,1.515152e+00,1.515152e+00,1.515152e+00,1.515152e+00,4.545455e+00,3.030303e+00,3.030303e+00,3.030303e+00,1.515152e+00,,3.030303e+00,,,,,,,,,,1.515152e+00,4.545455e+00,4.545455e+00,1.515152e+00,1.515152e+00,3.030303e+00,1.515152e+00,,,,,,5.204216e+00,7.378129e+00,5.204216e+00,3.689065e+00,1.515152e+00,1.515152e+00,1.515152e+00,1.515152e+00,1.515152e+00,,,,2.173913e+00,5.204216e+00,,6.719368e+00,3.689065e+00,3.689065e+00,1.627141e+01,6.060606e+00,1.258235e+01,1.409750e+01,3.689065e+00,5.862978e+00,1.515152e+00,2.173913e+00,2.173913e+00,2.173913e+00,2.173913e+00,2.173913e+00,4.347826e+00,2.173913e+00,,1.515152e+00,1.515152e+00,1.515152e+00,1.515152e+00,1.515152e+00,1.515152e+00,1.515152e+00,1.515152e+00,5.862978e+00,,,,,,,,,,,,,,,,,,,,0.000000e+00,,,,,,,,,,,0.000000e+00,,0.000000e+00,,,,,,,,,,,,,,,,,,,,,,,,,,,,,,,,,,,4.347826e+00,4.347826e+00,,4.347826e+00,4.347826e+00,4.347826e+00,6.521739e+00,2.173913e+00,6.521739e+00,6.521739e+00,4.347826e+00,2.173913e+00,,,,,,,,,,,,,,,,,,,,,,,,,,,,,,,3.030303e+00,4.545455e+00,,1.515152e+00,,,,,,4.347826e+00,2.173913e+00,2.173913e+00,2.173913e+00,6.521739e+00,9.552042e+00,4.347826e+00,,,1.515152e+00,1.515152e+00,1.515152e+00,,,1.515152e+00,1.515152e+00,1.515152e+00,2.173913e+00,2.173913e+00,4.347826e+00,6.521739e+00,4.347826e+00,4.347826e+00,6.521739e+00,8.036890e+00,1.021080e+01,1.086957e+01,6.521739e+00,4.347826e+00,2.173913e+00,5.204216e+00,3.030303e+00,5.204216e+00,5.204216e+00,7.378129e+00,7.378129e+00,7.378129e+00,5.204216e+00,5.204216e+00,6.719368e+00,6.719368e+00,6.719368e+00,5.204216e+00,6.719368e+00,6.719368e+00,,,,,,,,,,,,,,,,,2.173913e+00,2.173913e+00,2.173913e+00,2.173913e+00,2.173913e+00,2.173913e+00,5.862978e+00,5.862978e+00,4.347826e+00,5.862978e+00,4.347826e+00,4.347826e+00,4.347826e+00,4.347826e+00,1.389987e+01,1.389987e+01,1.172596e+01,1.172596e+01,2.173913e+00,,,,2.173913e+00,,,,,,,,,,,,,,,,,,,,,,,,,,,,,,,,,,,,,,,,,,,,,,,,,,,,,,,,,,,,,,,,,,,,,,,,,,,,,,,,,,,,,
,,,,,,,,,,,,,,,,,,,,,,,,,,,,,,,,,,,,,,,,,,,,,,,,,,,,,,,,,,,,,,,,,,,,,,,,,,,,,,,,,,,,,,,,,,,,,,,,,,,,,,,,,,,,,,,,,,,,,,,,,,,,,,,,,,,,,,,,,,,3.689065e+00,,,,,,,,,2.173913e+00,2.173913e+00,,,,,,1.515152e+00,1.515152e+00,3.030303e+00,3.030303e+00,3.030303e+00,3.030303e+00,,,,1.515152e+00,1.515152e+00,,1.515152e+00,3.030303e+00,1.126482e+01,9.749670e+00,1.277997e+01,1.495389e+01,2.516469e+01,1.996047e+01,1.126482e+01,9.552042e+00,3.689065e+00,2.173913e+00,4.347826e+00,4.347826e+00,4.347826e+00,2.173913e+00,2.173913e+00,,,,,,,,,,,,,3.689065e+00,2.173913e+00,,1.515152e+00,,,2.173913e+00,5.204216e+00,5.204216e+00,3.689065e+00,2.173913e+00,2.173913e+00,2.173913e+00,2.173913e+00,,,2.173913e+00,2.173913e+00,,,,,,,,,,,,,,,,,,,,,,,,,,,,,,,,,,,,,,,,,,,,,,,,,,,,,,,,,,,,,,,,,,,,,,,,,,,,,,,,,,,,,,,,,,,,,,,,,,,,,,,,,,,,,,,,,,,,,,,,,,,,,,,,,,,,,,,,,,,,,,,,,,1.515152e+00,1.515152e+00,1.515152e+00,1.515152e+00,,1.515152e+00,3.030303e+00,1.515152e+00,3.030303e+00,1.515152e+00,3.030303e+00,,2.173913e+00,,,,,,,,1.515152e+00,1.515152e+00,1.515152e+00,3.689065e+00,1.515152e+00,1.515152e+00,1.515152e+00,,,,,,,3.689065e+00,7.378129e+00,3.689065e+00,1.515152e+00,1.515152e+00,1.515152e+00,1.515152e+00,1.515152e+00,1.515152e+00,,2.173913e+00,2.173913e+00,7.378129e+00,8.234519e+00,5.204216e+00,6.719368e+00,1.475626e+01,1.475626e+01,1.106719e+01,8.234519e+00,1.627141e+01,5.204216e+00,5.862978e+00,3.689065e+00,2.173913e+00,2.173913e+00,2.173913e+00,2.173913e+00,5.204216e+00,,,,1.515152e+00,1.515152e+00,1.515152e+00,1.515152e+00,1.515152e+00,1.515152e+00,,,,,,,,,2.173913e+00,2.173913e+00,2.173913e+00,2.173913e+00,,2.173913e+00,,,,,,,,,,,,,,1.515152e+00,,,,,,,,,,,,,,,,,,,,,,,,,,,,,,,,,,,,,,,,,,,,,,,,,2.173913e+00,2.173913e+00,2.173913e+00,4.347826e+00,8.036890e+00,2.173913e+00,,,,,,,,,,,,,,,,,,,,,,,,,,,,,,,,,,,,,,,,,2.173913e+00,2.173913e+00,2.173913e+00,4.347826e+00,6.521739e+00,2.173913e+00,2.173913e+00,,,,5.862978e+00,,,,,2.173913e+00,6.521739e+00,4.347826e+00,4.347826e+00,2.173913e+00,6.521739e+00,8.695652e+00,6.521739e+00,1.021080e+01,5.862978e+00,5.862978e+00,5.862978e+00,6.521739e+00,4.347826e+00,,5.204216e+00,1.515152e+00,3.030303e+00,7.378129e+00,7.378129e+00,5.204216e+00,3.030303e+00,3.030303e+00,5.204216e+00,5.204216e+00,3.030303e+00,3.030303e+00,5.204216e+00,6.719368e+00,,,,,,,,,,,,,,,,,2.173913e+00,2.173913e+00,2.173913e+00,2.173913e+00,2.173913e+00,2.173913e+00,5.862978e+00,5.862978e+00,5.862978e+00,5.862978e+00,5.862978e+00,4.347826e+00,4.347826e+00,4.347826e+00,1.389987e+01,1.824769e+01,1.389987e+01,5.862978e+00,,,2.173913e+00,2.173913e+00,2.173913e+00,2.173913e+00,,,,,,,,,,,,,,,,,,,,,,,,,,,,,,,,,,,,,,,,,,,,,,,,,,,,,,,,,,,,,,,,,,,,,,,,,,,,,,,,,,,,
,,,,,,,,,,,,,,,,,,,,,,,,,,,,,,,,,,,,,,,,,,,,,,,,,,,,,,,,,,,,,,,,,,,,,,,,,,,,,,,,,,,,,,,,,,,,,,,,,,,,,,,,,,,,,,,,,,,,,,,,,,,,,,,,,,,,,,,,,,,1.515152e+00,3.689065e+00,,,,,,,4.347826e+00,4.347826e+00,2.173913e+00,4.347826e+00,,4.347826e+00,,,,,1.515152e+00,1.515152e+00,,3.030303e+00,,,,,1.515152e+00,1.515152e+00,1.515152e+00,3.030303e+00,9.749670e+00,1.277997e+01,1.126482e+01,2.299078e+01,2.733860e+01,1.343874e+01,1.040843e+01,1.324111e+01,1.021080e+01,8.036890e+00,1.021080e+01,1.172596e+01,1.172596e+01,5.862978e+00,1.172596e+01,,,,,,,,,,,,1.515152e+00,1.515152e+00,,,1.515152e+00,,,3.030303e+00,5.204216e+00,5.204216e+00,5.204216e+00,1.515152e+00,2.173913e+00,2.173913e+00,2.173913e+00,2.173913e+00,2.173913e+00,1.515152e+00,2.173913e+00,,,,,,,,,,,,,,,,,,,,,,,,,,,,,,,,,,,,,,,,,,,,,,,,,,,,,,,,,,,,,,,,,,,,,,,,,,,,,,,,,,,,,,,,,,,,,,,,,,,,,,,,,,,,,,,,,,,,,,,,,,,,,,,,,,,,,,,,,,,,,,,,,1.515152e+00,1.515152e+00,1.515152e+00,,,,,,5.204216e+00,1.515152e+00,3.030303e+00,3.030303e+00,,,,,,,,,,,,,3.689065e+00,3.689065e+00,1.515152e+00,1.515152e+00,,,,,,,3.689065e+00,3.689065e+00,1.515152e+00,3.030303e+00,3.030303e+00,1.515152e+00,1.515152e+00,1.515152e+00,1.515152e+00,,,2.173913e+00,1.258235e+01,1.258235e+01,1.258235e+01,8.234519e+00,1.258235e+01,3.030303e+00,1.475626e+01,1.475626e+01,1.409750e+01,1.040843e+01,3.689065e+00,3.689065e+00,2.173913e+00,2.173913e+00,2.173913e+00,6.719368e+00,,,,,,,1.515152e+00,,,1.515152e+00,,,,,,,3.689065e+00,2.173913e+00,2.173913e+00,2.173913e+00,2.173913e+00,2.173913e+00,2.173913e+00,2.173913e+00,2.173913e+00,2.173913e+00,,,,,,,,,,,5.144927e+01,,,,,,,,,,,6.521739e+00,,,,,,,,,,,,,,,,,,,,,,,,,,,,,,,,,,,2.173913e+00,2.173913e+00,,,,,,,4.347826e+00,4.347826e+00,,2.173913e+00,,,,,2.173913e+00,2.173913e+00,,,,,,,,,,,,6.719368e+00,,,,,,,,,,,,,,,,,,,,,,5.204216e+00,2.173913e+00,1.021080e+01,6.521739e+00,6.521739e+00,,,,,,,,,,2.173913e+00,,2.173913e+00,2.173913e+00,2.173913e+00,2.173913e+00,2.173913e+00,3.689065e+00,2.173913e+00,2.173913e+00,3.689065e+00,3.689065e+00,4.347826e+00,2.173913e+00,4.347826e+00,3.030303e+00,3.030303e+00,5.204216e+00,5.204216e+00,5.204216e+00,5.204216e+00,3.030303e+00,5.204216e+00,5.204216e+00,5.204216e+00,,5.204216e+00,5.204216e+00,5.204216e+00,,,,,,,,,,,,,,,,,2.173913e+00,2.173913e+00,2.173913e+00,2.173913e+00,2.173913e+00,2.173913e+00,4.347826e+00,5.862978e+00,5.862978e+00,5.862978e+00,5.862978e+00,4.347826e+00,4.347826e+00,4.347826e+00,1.389987e+01,1.607378e+01,1.389987e+01,9.552042e+00,8.036890e+00,2.173913e+00,2.173913e+00,,2.173913e+00,,,,,,,,,,,,,,,,,,,,,,,,,,,,,,,,,,,,,,,,,,,,,,,,,,,,,,,,,,,,,,,,,,,,,,,,,,,,,,,,,,,,,
,,,,,,,,,,,,,,,,,,,,,,,,,,,,,,,,,,,,,,,,,,,,,,,,,,,,,,,,,,,,,,,,,,,,,,,,,,,,,,,,,,,,,,,,,,,,,,,,,,,,,,,,,,,,,,,,,,,,,,,,,,,,,,,,,,,,,,,,,,,,,,,1.515152e+00,,,,,,,,,,,,,,,,,,,,1.515152e+00,1.515152e+00,3.030303e+00,1.515152e+00,1.515152e+00,3.030303e+00,1.324111e+01,1.778656e+01,2.147563e+01,4.038208e+01,3.603426e+01,2.799736e+01,3.320158e+01,1.673254e+01,1.304348e+01,1.086957e+01,1.086957e+01,1.086957e+01,1.086957e+01,1.086957e+01,1.086957e+01,6.521739e+00,,,,,6.521739e+00,6.521739e+00,7.378129e+00,8.036890e+00,,,,,,,,,,,,2.173913e+00,4.347826e+00,1.515152e+00,3.689065e+00,1.515152e+00,,,,,,,,,,,,,,,,,,,,,,,,,,,,,,,,,,,,,,,,,,,,,,,,,,,,,,,,,,,,,,,,,,,,,,,,,,,,,,,,,,,,,,,,,,,,,,,,,,,,,,,,,,,,,,,,,,,,,,,,,,,,,,,,,,,,,,,,,,,,,,,,,,,,,,,1.515152e+00,3.030303e+00,1.515152e+00,4.545455e+00,3.030303e+00,1.515152e+00,2.173913e+00,6.719368e+00,5.204216e+00,1.515152e+00,3.030303e+00,1.515152e+00,,2.173913e+00,2.173913e+00,3.689065e+00,6.521739e+00,4.347826e+00,2.173913e+00,,,,,,,,,,1.515152e+00,1.515152e+00,1.515152e+00,1.515152e+00,1.515152e+00,1.515152e+00,5.204216e+00,4.347826e+00,2.173913e+00,4.347826e+00,2.173913e+00,1.515152e+00,1.515152e+00,1.515152e+00,1.515152e+00,,3.030303e+00,8.893280e+00,7.378129e+00,1.693017e+01,1.040843e+01,1.475626e+01,1.844532e+01,1.324111e+01,1.693017e+01,1.475626e+01,8.893280e+00,7.378129e+00,7.378129e+00,3.689065e+00,,,,,,,,,,,,,,1.515152e+00,3.689065e+00,8.036890e+00,,5.862978e+00,3.689065e+00,3.689065e+00,5.862978e+00,3.689065e+00,1.515152e+00,1.515152e+00,,,,1.515152e+00,1.515152e+00,,,,,,0.000000e+00,,,1.515152e+00,,,,,,,,,,,,,,,3.689065e+00,,,,,,,3.300395e+01,,,,,2.173913e+01,,,4.347826e+00,4.347826e+00,4.347826e+00,,,,4.347826e+00,8.036890e+00,1.021080e+01,2.173913e+00,,,,4.347826e+00,2.173913e+00,2.173913e+00,2.173913e+00,2.173913e+00,2.173913e+00,2.173913e+00,,,,,,,,,,,5.862978e+00,4.347826e+00,4.347826e+00,4.347826e+00,2.173913e+00,2.173913e+00,2.173913e+00,,2.173913e+00,2.173913e+00,4.347826e+00,4.347826e+00,1.238472e+01,2.173913e+00,4.347826e+00,4.347826e+00,2.173913e+00,,,,,,,,,,,,,,,,,2.173913e+00,1.515152e+00,,,,,,,,3.030303e+00,3.030303e+00,1.515152e+00,1.515152e+00,,,,,,,,,,,2.173913e+00,2.173913e+00,2.173913e+00,3.689065e+00,3.689065e+00,2.173913e+00,3.689065e+00,3.689065e+00,3.689065e+00,3.689065e+00,2.173913e+00,2.173913e+00,2.173913e+00,2.173913e+00,2.173913e+00,2.173913e+00,2.173913e+00,2.173913e+00,,3.689065e+00,5.862978e+00,2.173913e+00,3.689065e+00,2.173913e+00,5.862978e+00,3.689065e+00,,1.515152e+00,,1.515152e+00,1.515152e+00,1.515152e+00,1.515152e+00,,,2.173913e+00,,,,,,,,,2.173913e+00,2.173913e+00,3.689065e+00,1.515152e+00,5.204216e+00,8.893280e+00,7.378129e+00,4.347826e+00,4.347826e+00,,,4.347826e+00,1.515152e+00,1.515152e+00,1.515152e+00,1.515152e+00,1.515152e+00,,,,,,,,,,,,,,,,,,,,,,,,,,,,,,,,,,,,,,,,,,,,,,,,,,,,,,,,,,,,,,,,,,,,,,,,,,,,,,,,,,,,,,,,,
,,,,,,,,,,,,,,,,,,,,,,,,,,,,,,,,,,,,,,,,,,,,,,,,,,,,,,,,,,,,,,,,,,,,,,,,,,,,,,,,,,,,,,,,,,,,,,,,,,,,,,,,,,,,,,,,,,,,,,,,,,,,,,,,,,,,,,,,,,,,,,,,,,,,,,,1.515152e+00,,,,,,,,,,,,,,1.515152e+00,1.515152e+00,1.515152e+00,3.689065e+00,1.324111e+01,1.475626e+01,1.778656e+01,3.603426e+01,3.017128e+01,2.364954e+01,2.516469e+01,2.496706e+01,1.455863e+01,1.455863e+01,1.086957e+01,1.455863e+01,1.455863e+01,1.304348e+01,1.304348e+01,,,,,4.347826e+00,5.862978e+00,4.347826e+00,2.173913e+00,8.036890e+00,,,,,1.515152e+00,,,3.689065e+00,2.173913e+00,2.173913e+00,4.347826e+00,2.173913e+00,2.173913e+00,1.515152e+00,,,,,,,,,,,,,,,,,,,,,,,,,,,,,,,,,,,,,,,,,,,,,,,,,,,,,,,,,,,,,,,,,,,,,,,,,,,,,,,,,,,,,,,,,,,,,,,,,,,,,,,,,,,,,,,,,,,,,,,,,,,,,,,,,,,,,,,,,,,,,,,,,,,,,,,,1.515152e+00,3.030303e+00,3.030303e+00,3.030303e+00,3.030303e+00,3.030303e+00,1.515152e+00,1.515152e+00,1.515152e+00,3.689065e+00,2.173913e+00,1.515152e+00,1.515152e+00,2.173913e+00,2.173913e+00,3.689065e+00,4.347826e+00,6.521739e+00,2.173913e+00,,,,,,,,,,,,,,1.515152e+00,1.515152e+00,1.515152e+00,1.515152e+00,5.204216e+00,5.204216e+00,8.893280e+00,1.172596e+01,6.521739e+00,1.515152e+00,5.862978e+00,3.030303e+00,1.515152e+00,9.552042e+00,1.172596e+01,2.173913e+00,2.173913e+00,,1.515152e+00,1.515152e+00,1.515152e+00,8.893280e+00,7.378129e+00,3.030303e+00,1.515152e+00,1.515152e+00,1.515152e+00,1.515152e+00,,,,,,,,,,,,,,,,,,3.689065e+00,3.689065e+00,3.689065e+00,1.515152e+00,1.515152e+00,1.515152e+00,1.515152e+00,1.515152e+00,1.515152e+00,1.515152e+00,1.515152e+00,,,,,,,,1.515152e+00,,,,,,,,,,,,,,,,,,1.515152e+00,1.515152e+00,3.689065e+00,1.475626e+01,1.515152e+00,6.422925e+01,,,,,4.084322e+01,,2.173913e+00,6.521739e+00,6.521739e+00,8.695652e+00,6.521739e+00,6.521739e+00,4.347826e+00,6.521739e+00,6.521739e+00,6.521739e+00,4.347826e+00,4.347826e+00,4.347826e+00,6.521739e+00,6.521739e+00,8.036890e+00,2.173913e+00,2.173913e+00,2.173913e+00,,,,,,,,,,,,,4.347826e+00,4.347826e+00,4.347826e+00,2.173913e+00,,2.173913e+00,2.760211e+01,2.173913e+00,2.173913e+00,2.173913e+00,,,,,2.173913e+00,,,,,,,,,,,,,2.173913e+00,,,,,,,,,,,,,,,,,1.515152e+00,,,,1.515152e+00,,,,,,,,,2.173913e+00,2.173913e+00,2.173913e+00,2.173913e+00,2.173913e+00,2.173913e+00,2.173913e+00,3.689065e+00,3.689065e+00,3.689065e+00,,,2.173913e+00,2.173913e+00,2.173913e+00,,2.173913e+00,,2.173913e+00,3.689065e+00,2.173913e+00,3.689065e+00,1.515152e+00,3.689065e+00,3.689065e+00,1.515152e+00,,,,,,,,,,,,,,,,,,1.515152e+00,1.515152e+00,1.515152e+00,1.515152e+00,5.204216e+00,7.378129e+00,7.378129e+00,7.378129e+00,4.347826e+00,2.173913e+00,,1.515152e+00,1.515152e+00,3.030303e+00,1.515152e+00,3.030303e+00,,,,,,,,,,,,,,,,,,,,,,,,,,,,,,,,,,,,,,,,,,,,,,,,,,,,,,,,,,,,,,,,,,,,,,,,,,,,,,,,,,,,,,,,,,
,,,,,,,,,,,,,,,,,,,,,,,,,,,,,,,,,,,,,,,,,,,,,,,,,,,,,,,,,,,,,,,,,,,,,,,,,,,,,,,,,,,,,,,,,,,,,,,,,,,,,,,,,,,,,,,,,,,,,,,,,,,,,,,,,,,,,,,,,,,,,1.515152e+00,,,,2.173913e+00,,,,,,1.515152e+00,2.173913e+00,,,,,,,,,,,,,1.515152e+00,1.515152e+00,1.515152e+00,5.862978e+00,1.324111e+01,1.324111e+01,1.324111e+01,1.996047e+01,2.061924e+01,1.910408e+01,2.213439e+01,1.673254e+01,1.238472e+01,1.389987e+01,1.238472e+01,1.021080e+01,1.021080e+01,2.173913e+00,6.521739e+00,6.521739e+00,,,5.862978e+00,4.347826e+00,4.347826e+00,6.521739e+00,6.521739e+00,8.036890e+00,,,,,1.515152e+00,3.689065e+00,3.689065e+00,4.347826e+00,5.862978e+00,1.515152e+00,5.862978e+00,1.021080e+01,4.347826e+00,1.515152e+00,,,,,,,,,,,,,,,,,,,,,,,,,,,,,,,,,,,,,,,,,,,,,,,,,,,,,,,,,,,,,,,,,,,,,,,,,,,,,,,,,,,,,,,,,,,,,,,,,,,,,,,,,,,,,,,,,,,,,,,,,,,,,,,,,,,,,,,,,,,,,,,,,,,,,,,1.515152e+00,1.515152e+00,1.515152e+00,3.030303e+00,3.030303e+00,3.030303e+00,3.030303e+00,4.545455e+00,1.515152e+00,1.515152e+00,,,1.515152e+00,1.515152e+00,,2.173913e+00,2.173913e+00,2.173913e+00,2.173913e+00,,,,,,,,,,,,,,,3.030303e+00,1.515152e+00,3.689065e+00,3.689065e+00,3.689065e+00,5.204216e+00,5.204216e+00,6.719368e+00,6.719368e+00,1.324111e+01,4.347826e+00,,,9.552042e+00,2.173913e+00,2.173913e+00,2.173913e+00,2.173913e+00,1.515152e+00,1.515152e+00,1.515152e+00,1.515152e+00,5.862978e+00,5.862978e+00,1.515152e+00,1.515152e+00,1.515152e+00,,,,,,,,,,,,,,,,,,,,,,,,,,,1.515152e+00,1.515152e+00,1.515152e+00,,1.515152e+00,,,,,,,,,,,,,,,,,,,,,,,,1.515152e+00,1.475626e+01,5.665349e+01,5.816864e+01,5.210804e+01,4.347826e+00,4.347826e+00,3.952569e+01,6.521739e+00,4.584980e+01,4.347826e+00,2.173913e+00,2.173913e+00,6.521739e+00,4.347826e+00,4.347826e+00,4.347826e+00,6.521739e+00,6.521739e+00,6.521739e+00,2.173913e+00,4.347826e+00,4.347826e+00,6.521739e+00,6.521739e+00,6.521739e+00,8.695652e+00,6.521739e+00,2.173913e+00,2.173913e+00,2.173913e+00,,,,,,,,,,,,,4.347826e+00,4.347826e+00,4.347826e+00,2.173913e+00,4.347826e+00,2.173913e+00,2.173913e+00,,2.173913e+00,2.173913e+00,2.173913e+00,2.173913e+00,5.862978e+00,3.689065e+00,2.173913e+00,,,,,,,,,,,,,,,,,,,,,,,,,,,,,,,,,,,,,,,,,,,2.173913e+00,,2.173913e+00,2.173913e+00,2.173913e+00,2.173913e+00,2.173913e+00,2.173913e+00,3.689065e+00,3.689065e+00,,2.173913e+00,2.173913e+00,2.173913e+00,2.173913e+00,,2.173913e+00,,3.689065e+00,3.689065e+00,3.689065e+00,3.689065e+00,3.689065e+00,3.689065e+00,3.689065e+00,,,,,,,,,,,,,,,,,3.689065e+00,3.689065e+00,1.515152e+00,1.515152e+00,3.689065e+00,1.515152e+00,3.689065e+00,8.893280e+00,7.378129e+00,5.862978e+00,5.862978e+00,4.347826e+00,4.347826e+00,,3.030303e+00,3.030303e+00,3.030303e+00,1.515152e+00,,,,,,,,,,,,,,,,,1.515152e+00,,,,,,,,,,,,,,,,,,,,,,,,,,,,,,,,,,,,,,,,,,,,,,,,,,,,,,,,,,,,,,,,,,,,,,,,,
,,,,,,,,,,,,,,,,,,,,,,,,,,,,,,,,,,,,,,,,,,,,,,,,,,,,,,,,,,,,,,,,,,,,,,,,,,,,,,,,,,,,,,,,,,,,,,,,,,,,,,,,,,,,,,,,,,,,,,,,,,,,,,,2.173913e+00,,,,,,,,,,,,,,,1.515152e+00,2.173913e+00,2.173913e+00,1.515152e+00,1.515152e+00,1.515152e+00,,,,,,,,,,,,,,,,,,,,1.515152e+00,1.515152e+00,1.324111e+01,1.324111e+01,1.778656e+01,2.364954e+01,2.364954e+01,2.061924e+01,2.213439e+01,2.496706e+01,1.607378e+01,1.824769e+01,1.607378e+01,1.455863e+01,1.758893e+01,1.976285e+01,1.976285e+01,9.552042e+00,,,2.173913e+00,4.347826e+00,4.347826e+00,6.521739e+00,1.021080e+01,,5.862978e+00,1.238472e+01,,,1.515152e+00,7.378129e+00,3.689065e+00,9.552042e+00,5.862978e+00,,,,,,,,,,,,,,,,,,,,,,,,,,,,,,,,,,,,,,,,,,,,,,,,,,,,,,,,,,,,,,,,,,,,,,,,,,,,,,,,,,,,,,,,,,,,,,,,,,,,,,,,,,,,,,,,,,,,,,,,,,,,,,,,,,,,,,,,,,,,,,,,,,,,,,,,,,,,3.030303e+00,3.030303e+00,4.545455e+00,4.545455e+00,4.545455e+00,3.030303e+00,4.545455e+00,1.515152e+00,,,,1.515152e+00,1.515152e+00,1.515152e+00,,,,,,,,,,,,,,,,,,,,,,,1.515152e+00,,,,5.204216e+00,7.378129e+00,5.204216e+00,1.541502e+01,1.106719e+01,5.204216e+00,2.173913e+00,2.173913e+00,2.173913e+00,2.173913e+00,2.173913e+00,1.515152e+00,3.689065e+00,3.689065e+00,5.862978e+00,5.862978e+00,5.862978e+00,3.689065e+00,5.204216e+00,2.173913e+00,,,,,,,,,,,,,,,,,,,,,,,,,3.689065e+00,1.515152e+00,1.515152e+00,4.347826e+00,2.173913e+00,4.545455e+00,,,6.719368e+00,,,,,,,,,,,,,,,,,,,,,,,5.862978e+00,1.541502e+01,4.624506e+01,3.583663e+01,,,,,,1.324111e+01,9.552042e+00,,2.173913e+00,2.173913e+00,,2.173913e+00,2.173913e+00,2.173913e+00,,,6.521739e+00,6.521739e+00,8.036890e+00,6.521739e+00,6.521739e+00,6.521739e+00,8.036890e+00,2.173913e+00,2.173913e+00,,2.173913e+00,2.173913e+00,,,,2.173913e+00,2.173913e+00,,,,2.173913e+00,,2.173913e+00,2.173913e+00,4.347826e+00,4.347826e+00,4.347826e+00,2.173913e+00,,,,,,2.173913e+00,6.521739e+00,6.521739e+00,8.036890e+00,,,,,,,,,,,,,,,,,,,,,,,,,,,,,,,,,,,,,,,,,,,,,,2.173913e+00,2.173913e+00,2.173913e+00,2.173913e+00,2.173913e+00,2.173913e+00,2.173913e+00,,2.173913e+00,,,2.173913e+00,2.173913e+00,2.173913e+00,,2.173913e+00,2.173913e+00,2.173913e+00,2.173913e+00,2.173913e+00,2.173913e+00,2.173913e+00,,,,,,,,2.173913e+00,,,,,,,2.173913e+00,,3.689065e+00,1.515152e+00,1.515152e+00,1.515152e+00,1.515152e+00,1.515152e+00,3.030303e+00,8.893280e+00,7.378129e+00,8.893280e+00,8.893280e+00,4.347826e+00,4.347826e+00,,,,,,,,,,,,,,,,,,,,,1.515152e+00,3.030303e+00,3.030303e+00,1.515152e+00,1.515152e+00,,,,,,,,,,,,,,,,,,,,,,,,,,,,,,,,,,,,,,,,,,,,,,,,,,,,,,,,,,,,,,,,,,,,,,
,,,,,,,,,,,,,,,,,,,,,,,,,,,,,,,,,,,,,,,,,,,,,,,,,,,,,,,,,,,,,,,,,,,,,,,,,,,,,,,,,,,,,,,,,,,,,,,,,,,,,,,,,,,,,,,1.515152e+00,1.515152e+00,,1.515152e+00,,,,,,,,,,,,,,,,,,,,,,,,,,1.515152e+00,,,,,,,,,,,,,,,,,,1.515152e+00,,,,,,,,,1.515152e+00,1.515152e+00,1.258235e+01,1.844532e+01,1.844532e+01,1.844532e+01,2.213439e+01,2.213439e+01,2.430830e+01,3.320158e+01,2.951252e+01,2.648221e+01,2.213439e+01,2.061924e+01,1.844532e+01,2.061924e+01,3.254282e+01,,,,,,,1.515152e+00,5.862978e+00,7.378129e+00,9.552042e+00,9.552042e+00,,1.515152e+00,1.515152e+00,3.689065e+00,,,,2.173913e+00,2.173913e+00,,2.173913e+00,,,,,,,,,,,,,,,,,,,,,,,,,,,,,,,,,,,,,,,,,,,,,,,,,,,,,,,,,,,,,,,,,,,,,,,,,,,,,,,,,,,,,,,,,,,,,,,,,,,,,,,,,,,,,,,,,,,,,,,,,,,,,,,,,,,,,,,,,,,,,,,,3.689065e+00,2.173913e+00,2.173913e+00,2.173913e+00,2.173913e+00,2.173913e+00,2.173913e+00,2.173913e+00,5.204216e+00,5.204216e+00,5.204216e+00,8.036890e+00,7.378129e+00,1.324111e+01,1.172596e+01,2.173913e+00,4.347826e+00,4.347826e+00,,,,,1.515152e+00,3.689065e+00,,,,,,,,,6.719368e+00,6.719368e+00,6.719368e+00,6.719368e+00,3.689065e+00,5.204216e+00,2.173913e+00,,,,,,,,,,1.515152e+00,5.204216e+00,1.515152e+00,5.204216e+00,3.030303e+00,6.521739e+00,2.173913e+00,2.173913e+00,6.521739e+00,2.173913e+00,2.173913e+00,2.173913e+00,1.515152e+00,8.036890e+00,8.036890e+00,8.036890e+00,5.862978e+00,3.689065e+00,9.552042e+00,,,,,,,,,,,,,,,,,,,,,,,,,,,,2.173913e+00,2.173913e+00,3.689065e+00,3.030303e+00,,4.545455e+00,4.545455e+00,,,,,1.515152e+00,,,,,,,,,1.515152e+00,,,,,,,,,,,3.030303e+00,1.515152e+00,,,,,,4.347826e+00,4.347826e+00,,,1.515152e+00,,,1.515152e+00,,,,,6.521739e+00,6.521739e+00,4.347826e+00,4.347826e+00,2.173913e+00,2.173913e+00,,,,2.173913e+00,2.173913e+00,,,2.173913e+00,2.173913e+00,2.173913e+00,,2.173913e+00,2.173913e+00,2.173913e+00,4.347826e+00,,,5.862978e+00,,,5.862978e+00,3.689065e+00,1.086957e+01,6.521739e+00,,,,4.347826e+00,8.036890e+00,8.036890e+00,4.347826e+00,4.347826e+00,2.173913e+00,4.347826e+00,,,,,,,,,,,,3.030303e+00,,,,1.515152e+00,6.719368e+00,,,,,,1.515152e+00,1.515152e+00,,,,,,,,,,1.515152e+00,1.515152e+00,1.515152e+00,1.515152e+00,1.515152e+00,1.515152e+00,1.515152e+00,,2.173913e+00,,,,,,,,,,,,,,,,,,,,2.173913e+00,,,,,,,,,,,2.173913e+00,,,,,,,,,,,,,,3.030303e+00,4.545455e+00,3.030303e+00,3.030303e+00,3.030303e+00,3.030303e+00,,3.030303e+00,4.545455e+00,4.545455e+00,,,,,,,,,,,,,,,1.515152e+00,,1.515152e+00,4.545455e+00,3.030303e+00,5.204216e+00,5.204216e+00,3.689065e+00,,,,,,,,,,,,,,,,,,,,,,,,,,,,,,,,,,,,,,,,,,,,,,,,,,,,,,,,,,,,,,,,,,,,,
,,,,,,,,,,,,,,,,,,,,,,,,,,,,,,,,,,,,,,,,,,,,,,,,,,,,,,,,,,,,,,,,,,,,,,,,,,,,,,,,,,,,,,,,,,,,,,,,,,,,,,,,,,,,,,,1.515152e+00,,,,,,,,,,,,,,,,,,,,,,,,,,,,,,,,,,1.515152e+00,,,,,,,,,,,,,,,,,,,,,1.515152e+00,1.515152e+00,1.515152e+00,1.627141e+01,1.627141e+01,1.409750e+01,1.844532e+01,1.844532e+01,1.844532e+01,2.213439e+01,2.147563e+01,2.648221e+01,2.648221e+01,2.061924e+01,1.844532e+01,1.324111e+01,1.627141e+01,2.799736e+01,,,,,,,,5.862978e+00,8.036890e+00,1.541502e+01,8.036890e+00,8.036890e+00,1.324111e+01,1.693017e+01,1.475626e+01,,,,,,2.173913e+00,2.173913e+00,,,,,,,,,,,,,,,,,,,,,,,,,,,,,,,,,,,,,,,,,,,,,,,,,,,,,,,,,,,,,,,,,,,,,,,,,,,,,,,,,,,,,,,,,,,,,,,,,,,,,,,,,,,,,,,,,,,,,,,,,,,,,,,,,,,,,,,,,,,,4.347826e+00,2.173913e+00,,2.173913e+00,2.173913e+00,2.173913e+00,6.521739e+00,4.347826e+00,6.521739e+00,4.347826e+00,4.347826e+00,2.173913e+00,2.173913e+00,1.515152e+00,5.204216e+00,5.204216e+00,3.689065e+00,3.689065e+00,5.862978e+00,2.173913e+00,6.521739e+00,,,,,,,,,,,,,,,,,6.719368e+00,5.204216e+00,3.689065e+00,3.689065e+00,3.689065e+00,2.173913e+00,,,,,,,,,,,,1.515152e+00,,2.173913e+00,2.173913e+00,4.347826e+00,2.173913e+00,2.173913e+00,2.173913e+00,4.347826e+00,6.521739e+00,8.036890e+00,1.172596e+01,1.172596e+01,5.862978e+00,,1.515152e+00,1.976285e+01,,,,,,,,,,,,,,,,,,,,,,,,,,,,,,,1.515152e+00,4.545455e+00,3.030303e+00,4.545455e+00,4.545455e+00,,,,1.515152e+00,,,,,,,,,,,,,,,,,,,,1.515152e+00,1.515152e+00,,,,,,,,,,,,,,,,,,6.521739e+00,4.347826e+00,4.347826e+00,2.173913e+00,2.173913e+00,2.173913e+00,,,,,,,,2.173913e+00,,2.173913e+00,,2.173913e+00,2.173913e+00,6.521739e+00,2.628458e+01,6.719368e+00,1.172596e+01,7.378129e+00,1.389987e+01,9.552042e+00,5.862978e+00,,1.515152e+00,2.173913e+00,5.862978e+00,5.862978e+00,5.862978e+00,1.021080e+01,4.347826e+00,2.173913e+00,2.173913e+00,2.173913e+00,,,,,,,,,,,,,,,,1.212121e+01,6.060606e+00,,6.719368e+00,,,,,,,,1.515152e+00,,3.030303e+00,3.030303e+00,3.030303e+00,,,,,1.515152e+00,1.515152e+00,1.515152e+00,1.515152e+00,1.515152e+00,1.515152e+00,,,,2.173913e+00,,,,,,,,,,,,,,,,,,,6.521739e+00,6.521739e+00,,,,,,,,,,,,,,2.173913e+00,6.719368e+00,,,,,,,,,4.545455e+00,3.030303e+00,3.030303e+00,3.030303e+00,,,,3.030303e+00,,,,,,,,,,,,,,,,,1.515152e+00,1.515152e+00,3.030303e+00,3.030303e+00,3.030303e+00,,,,,,,,,,,,,,,,,,,,,,,,,,,,,,,,,,,,,,,,,,,,,,,,,,,,,,,,,,,,,,,,,,,,,,,,
,,,,,,,,,,,,,,,,,,,,,,,,,,,,,,,,,,,,,,,,,,,,,,,,,,,,,,,,,,,,,,,,,,,,,,,,,,,,,,,,,,,,,,,,,,,,,,,,,,,,,,,,,,,,,,,1.515152e+00,,,,,,2.173913e+00,,,,,,,,,,,,,,,,,,,,,,,,,,1.515152e+00,1.515152e+00,1.515152e+00,1.515152e+00,,,,,,,,,,,,,,,1.515152e+00,1.515152e+00,1.515152e+00,,,,,1.515152e+00,1.258235e+01,1.258235e+01,1.475626e+01,1.693017e+01,1.844532e+01,1.844532e+01,1.844532e+01,2.213439e+01,2.213439e+01,2.061924e+01,1.693017e+01,1.258235e+01,1.258235e+01,1.996047e+01,3.168643e+01,,,,,,,,3.689065e+00,5.862978e+00,1.693017e+01,5.204216e+00,2.714098e+01,,,,,,,,,2.173913e+00,2.173913e+00,,,,,,,,,,,,,,,,,,,,,,,,,,,,,,,,,,,,,,,,,,,,,,,,,,,,,,,,,,,,,,,,,,,,,,,,,,,,,,,,,,,,,,,,,,,,,,,,,,,,,,,,,,,,,,,,,,,,,,,,,,,,,,,,,,,,,,,,,,,,,,3.689065e+00,4.347826e+00,2.173913e+00,,,2.173913e+00,6.521739e+00,2.173913e+00,4.347826e+00,,,5.204216e+00,5.204216e+00,5.204216e+00,9.552042e+00,9.552042e+00,2.061924e+01,2.173913e+00,4.347826e+00,6.521739e+00,,,,,,,,,,,3.689065e+00,3.689065e+00,,,,,5.204216e+00,1.515152e+00,3.689065e+00,1.515152e+00,2.173913e+00,2.173913e+00,,,,,,,,,,,2.173913e+00,,,2.173913e+00,2.173913e+00,4.347826e+00,2.173913e+00,4.347826e+00,,2.173913e+00,1.515152e+00,1.515152e+00,1.515152e+00,1.515152e+00,,1.515152e+00,1.324111e+01,,,,,,,,,,,,,,,,,,,,,,,,,,,,,,,,,4.545455e+00,6.060606e+00,4.545455e+00,6.719368e+00,6.719368e+00,3.030303e+00,3.030303e+00,,,,,,,,,,,5.862978e+00,5.862978e+00,,,,,,,1.515152e+00,1.515152e+00,1.515152e+00,,,,,,,,,,,,,,,,,4.347826e+00,2.173913e+00,6.521739e+00,2.173913e+00,2.173913e+00,4.347826e+00,2.173913e+00,,,,,,,,6.521739e+00,6.521739e+00,6.521739e+00,6.521739e+00,6.521739e+00,2.173913e+00,,2.173913e+00,,,7.378129e+00,1.824769e+01,1.607378e+01,1.040843e+01,5.862978e+01,2.911726e+01,1.389987e+01,2.173913e+00,,,,1.515152e+00,,,,,,,,,,,,,,,,,,,3.030303e+00,4.545455e+00,4.545455e+00,,1.515152e+00,,,,,,,,1.515152e+00,3.030303e+00,3.030303e+00,,,,,,,1.515152e+00,1.515152e+00,1.515152e+00,,1.515152e+00,1.515152e+00,,,,,,,,,,,,,,,,,,,,2.173913e+00,4.347826e+00,4.347826e+00,4.347826e+00,,,,,,,,,,,,,,,2.173913e+00,,,,,,,,,4.545455e+00,3.030303e+00,,,,,,,,,,,,,,,,,,,,,,,,,,,,,,,,,,,,,,,,,,,,,,,,,,,,,,,,,,,,,,,,,,,,,,,,,,,,,,,,,,,,,,,,,,,,,,,,,,,
,,,,,,,,,,,,,,,,,,,,,,,,,,,,,,,,,,,,,,,,,,,,,,,,,,,,,,,,,,,,,,,,,,,,,,,,,,,,,,,,,,,,,,,,,,,,,,,,,,,,,,,,,,,,,,,,,,,,,2.173913e+00,,3.689065e+00,,,,,,,,,,,,,9.552042e+00,,,,,,,,,,,,,1.515152e+00,1.515152e+00,1.515152e+00,,,,,,,,,,,,,,,1.515152e+00,,,,,1.515152e+00,1.515152e+00,1.693017e+01,1.910408e+01,1.910408e+01,2.061924e+01,2.061924e+01,2.648221e+01,2.648221e+01,2.147563e+01,1.778656e+01,1.996047e+01,1.192358e+01,1.475626e+01,1.040843e+01,1.627141e+01,2.147563e+01,6.719368e+00,,,,,,1.515152e+00,,,,,,,2.173913e+00,2.173913e+00,,,,,,,2.173913e+00,,,,,,,,,,,,,,,,,,,,,,,,,,,,,,,,,,,,,,,,,,,,,,,,,,,,,,,,,,,,,,,,,,,,,,,,,,,,,,,,,,,,,,,,,,,,,,,,,,,,,,,,,,,,,,,,,,,,,,,,,,,,,,,,,,,,,,,,,,,,2.173913e+00,,3.689065e+00,5.862978e+00,3.689065e+00,3.689065e+00,2.173913e+00,3.689065e+00,3.689065e+00,2.173913e+00,3.689065e+00,,,,,,2.173913e+00,4.347826e+00,6.521739e+00,4.347826e+00,4.347826e+00,,,,,,,,,,,,1.515152e+00,1.515152e+00,,,,,,1.515152e+00,1.515152e+00,,,1.515152e+00,2.173913e+00,2.173913e+00,,,,,,,,,,,,4.347826e+00,,,2.173913e+00,,2.173913e+00,5.862978e+00,1.515152e+00,1.515152e+00,1.515152e+00,1.515152e+00,1.515152e+00,1.515152e+00,1.515152e+00,,,,,,,,,,,,,,,,,,,,,,,,,,,,,,,1.515152e+00,4.545455e+00,6.719368e+00,,,,,3.030303e+00,1.515152e+00,,,,,,,,,,,1.607378e+01,,,,,,,,1.515152e+00,4.545455e+00,1.515152e+00,,,,,,,,,,,,,,,,,,2.173913e+00,2.173913e+00,,,,3.689065e+00,,,,,,,,,,,,,,2.173913e+00,,,6.521739e+00,8.695652e+00,2.173913e+00,5.862978e+00,3.689065e+00,3.689065e+00,,,,,,,,,,,,,,,,,,,,,,,,,,,,,,,,,,,,,,,,,,,,,,,1.844532e+01,1.515152e+00,1.515152e+00,1.515152e+00,1.515152e+00,1.515152e+00,1.515152e+00,,,,,,,,,,,,,,,,,,,4.347826e+00,4.347826e+00,4.347826e+00,4.347826e+00,,,,,,,,,,,,1.515152e+00,,,,,,,,1.515152e+00,1.515152e+00,1.515152e+00,,3.030303e+00,,,,,,,,,,,,,,,,,,,,,,,,,,,,,,,,,,,,,,,,,,,,,,,,,,,,,,,,,,,,,,,,,,,,,,,,,,,,,,,,,,,,,,,,,,,,,,,,,,,,
,,,,,,,,,,,,,,,,,,,,,,,,,,,,,,,,,,,,,,,,,,,,,,,,,,,,,,,,,,,,,,,,,,,,,,,,,,,,,,,,,,,,,,,,,,,,,,,,,,,,,,,,,,,,,,,,,,,,,,,,,,,,,,,,,,,3.030303e+00,9.552042e+00,3.689065e+00,3.689065e+00,1.515152e+00,,,,,,,,,,,,,,,,,,,,,,,,,,,,,,,,,3.689065e+00,1.258235e+01,1.258235e+01,1.475626e+01,1.475626e+01,5.862978e+00,1.844532e+01,1.693017e+01,1.864295e+01,1.646904e+01,1.429513e+01,1.798419e+01,1.495389e+01,1.126482e+01,3.030303e+00,8.234519e+00,5.204216e+00,3.030303e+00,2.173913e+00,3.689065e+00,3.689065e+00,3.689065e+00,1.515152e+00,1.515152e+00,1.515152e+00,1.515152e+00,2.173913e+00,2.173913e+00,3.689065e+00,2.173913e+00,2.173913e+00,,,,,,,,,,,,,,,,,,,,,,,,,,,,,,,,,,,,,,,,,,,,,,,,,,,,,,,,,,,,,,,,,,,,,,,,,,,,,,,,,,,,,,,,,,,,,,,,,,,,,,,,,,,,,,,,,,,,,,,,,,,,,,,,,,,,,,,,,,,,,,,,,5.862978e+00,3.689065e+00,7.378129e+00,7.378129e+00,1.515152e+00,5.204216e+00,3.689065e+00,5.862978e+00,5.862978e+00,5.862978e+00,8.036890e+00,3.689065e+00,3.689065e+00,2.173913e+00,2.173913e+00,2.173913e+00,2.173913e+00,,2.173913e+00,2.173913e+00,2.173913e+00,,,,,,,,,,,,,,,1.515152e+00,,,,,,,,,2.173913e+00,2.173913e+00,2.173913e+00,2.173913e+00,2.173913e+00,2.173913e+00,,,,,,,3.689065e+00,,2.173913e+00,2.173913e+00,3.689065e+00,3.689065e+00,2.173913e+00,,2.173913e+00,1.515152e+00,3.689065e+00,3.689065e+00,3.689065e+00,3.689065e+00,3.689065e+00,1.515152e+00,1.515152e+00,1.515152e+00,,,,,,,,2.173913e+00,4.347826e+00,2.173913e+00,,,,,1.515152e+00,2.173913e+00,2.173913e+00,,,,,,,,,1.515152e+00,3.030303e+00,3.030303e+00,6.719368e+00,3.030303e+00,6.719368e+00,6.719368e+00,,,,,,,2.173913e+00,1.515152e+00,,,,,,,,,,,,,4.545455e+00,4.545455e+00,,,,3.689065e+00,1.515152e+00,,,,,,,1.515152e+00,1.515152e+00,,,,,,,,,1.515152e+00,1.515152e+00,1.515152e+00,1.515152e+00,1.515152e+00,1.515152e+00,1.515152e+00,,,,,,,,,,2.173913e+00,,,,,,6.521739e+00,6.521739e+00,,,,,,,1.324111e+01,1.324111e+01,6.521739e+00,8.695652e+00,1.238472e+01,4.038208e+01,1.541502e+01,2.173913e+00,5.862978e+00,2.173913e+00,4.347826e+00,1.238472e+01,1.238472e+01,,,,,,,,,,,,,,,,,,,,,,,,,,,,,,,,,2.173913e+00,1.515152e+00,1.515152e+00,1.515152e+00,,,1.515152e+00,3.030303e+00,,3.030303e+00,3.030303e+00,3.030303e+00,,3.030303e+00,,,,,,,,,,,,,,,,,4.545455e+00,3.030303e+00,1.515152e+00,,1.515152e+00,1.515152e+00,,,,4.545455e+00,,,,,1.515152e+00,4.545455e+00,6.060606e+00,6.060606e+00,6.060606e+00,6.060606e+00,3.030303e+00,6.060606e+00,,,,,,,,,,,,,,,,,,,,,,,,,,,,,,,,,,,,,,,,,,,,,,,,,,,,,,,,,,,,,,,,,,,,,,,,,,,,,,,,,,,,,,,,,,,,,,,,,,,,,
,,,,,,,,,,,,,,,,,,,,,,,,,,,,,,,,,,,,,,,,,,,,,,,,,,,,,,,,,,,,,,,,,,,,,,,,,,,,,,,,,,,,,,,,,,,,,,,,,,,,,,,,,,,,,,,,,,,,,,,,,,,,,,,,,,,1.515152e+00,,1.515152e+00,1.515152e+00,1.515152e+00,,,,,,,,,,,,,,,,,,,,,,,,,,,,,,,,,,1.106719e+01,1.258235e+01,1.475626e+01,1.693017e+01,5.862978e+00,1.475626e+01,1.996047e+01,4.545455e+00,1.581028e+01,1.429513e+01,1.429513e+01,1.277997e+01,9.749670e+00,8.234519e+00,1.515152e+00,3.689065e+00,1.515152e+00,3.689065e+00,3.689065e+00,3.689065e+00,3.689065e+00,1.515152e+00,1.515152e+00,1.515152e+00,1.515152e+00,3.689065e+00,3.689065e+00,3.689065e+00,2.173913e+00,2.173913e+00,,,,,,,,,,,,,,,,,,,,,,,,,,,,,,,,,,,,,,,,,,,,,,,,,,,,,,,,,,,,,,,,,,,,,,,,,,,,,,,,,,,,,,,,,,,,,,,,,,,,,,,,,,,,,,,,,,,,,,,,,,,,,,,,,,,,,,,,,,,,,,,,,1.515152e+00,,5.204216e+00,1.515152e+00,7.378129e+00,7.378129e+00,5.862978e+00,5.862978e+00,1.389987e+01,1.172596e+01,5.862978e+00,3.689065e+00,5.862978e+00,3.689065e+00,2.173913e+00,,2.173913e+00,2.173913e+00,,,,,,,,,,,,,,,,2.173913e+00,2.173913e+00,1.515152e+00,,,,,,,,,,,2.173913e+00,4.347826e+00,2.173913e+00,2.173913e+00,2.173913e+00,1.515152e+00,,,,,5.204216e+00,1.515152e+00,3.689065e+00,4.347826e+00,3.689065e+00,3.689065e+00,,,,,5.204216e+00,,,3.689065e+00,3.689065e+00,3.689065e+00,,,,,,,,,2.173913e+00,2.173913e+00,2.173913e+00,,,,,,,1.515152e+00,1.515152e+00,1.515152e+00,1.515152e+00,1.515152e+00,1.515152e+00,1.515152e+00,1.515152e+00,3.030303e+00,3.030303e+00,3.030303e+00,3.030303e+00,3.030303e+00,4.545455e+00,1.515152e+00,1.515152e+00,4.545455e+00,1.515152e+00,,,,,,1.515152e+00,,,,,,,,,,,1.515152e+00,,,3.030303e+00,4.545455e+00,,1.515152e+00,3.689065e+00,3.689065e+00,,,,,,,,,,,,,,,,,1.515152e+00,1.515152e+00,1.515152e+00,1.515152e+00,1.515152e+00,1.515152e+00,1.515152e+00,1.515152e+00,2.173913e+00,,,,,,,,,,,,,,,,,,,,,,,4.255599e+01,3.583663e+01,,,2.173913e+00,2.173913e+00,,,,,,,,,,,,,,,,,,,,,,,,,,,,,,,,,,,,,,3.030303e+00,4.545455e+00,3.689065e+00,,1.515152e+00,1.515152e+00,1.515152e+00,,1.515152e+00,,4.545455e+00,,,,,,,,,,,,,,,,,,,,,,4.545455e+00,6.060606e+00,4.545455e+00,3.030303e+00,3.030303e+00,,,,1.515152e+00,3.030303e+00,,,,,1.515152e+00,4.545455e+00,6.060606e+00,6.060606e+00,3.030303e+00,6.060606e+00,6.060606e+00,3.030303e+00,,,,,,,,,,,,,,,,,,,,,,,,,,,,,,,,,,,,,,,,,,,,,,,,,,,,,,,,,,,,,,,,,,,,,,,,,,,,,,,,,,,,,,,,,,,,,,,,,,,,,
,,,,,,,,,,,,,,,,,,,,,,,,,,,,,,,,,,,,,,,,,,,,,,,,,,,,,,,,,,,,,,,,,,,,,,,,,,,,,,,,,,,,,,,,,,,,,,,,,,,,,,,,,,,,,,,,,,,,,,,,,,,,,,,,,,,1.515152e+00,1.515152e+00,1.515152e+00,1.515152e+00,1.515152e+00,,,,,,,,,,,,,,,,,,,,,,,,,,,,,,,,,,5.862978e+00,1.258235e+01,1.258235e+01,1.693017e+01,1.996047e+01,2.213439e+01,1.996047e+01,1.429513e+01,1.732543e+01,1.429513e+01,1.277997e+01,1.060606e+01,1.126482e+01,6.719368e+00,6.719368e+00,1.515152e+00,1.515152e+00,7.378129e+00,5.862978e+00,3.689065e+00,3.689065e+00,8.036890e+00,,,,2.173913e+00,3.689065e+00,2.173913e+00,2.173913e+00,2.173913e+00,,,,,,,,,,,,,,,,,,,,,,,,,,,,,,,,,,,,,,,,,,,,,,,,,,,,,,,,,,,,,,,,,,,,,,,,,,,,,,,,,,,,,,,,,,,,,,,,,,,,,,,,,,,,,,,,,,,,,,,,,,,,,,,,,,,,,,,,,,,,,,,,7.378129e+00,7.378129e+00,5.862978e+00,,7.378129e+00,7.378129e+00,5.204216e+00,5.204216e+00,5.204216e+00,5.862978e+00,5.862978e+00,5.862978e+00,3.689065e+00,5.862978e+00,3.689065e+00,2.173913e+00,2.173913e+00,2.173913e+00,2.173913e+00,,,,,,,,,,,,,,,,,2.173913e+00,1.515152e+00,,,,,,,,,,,,2.173913e+00,2.173913e+00,2.173913e+00,,,,5.862978e+00,,,1.515152e+00,1.515152e+00,1.515152e+00,2.173913e+00,,3.689065e+00,,,,1.515152e+00,,,,,1.515152e+00,5.204216e+00,1.515152e+00,1.515152e+00,,,,,,,,,,,,,,,,,,1.515152e+00,1.515152e+00,1.515152e+00,1.515152e+00,1.515152e+00,3.689065e+00,3.030303e+00,1.515152e+00,1.515152e+00,1.515152e+00,1.515152e+00,1.515152e+00,,,,,,,6.719368e+00,,,,0.000000e+00,,,,,,,,,3.689065e+00,1.515152e+00,1.515152e+00,1.515152e+00,2.173913e+00,,3.689065e+00,3.689065e+00,,2.173913e+00,,,,,,,,,1.515152e+00,,1.515152e+00,,,,,1.515152e+00,1.515152e+00,1.515152e+00,1.515152e+00,1.515152e+00,1.515152e+00,1.515152e+00,1.515152e+00,,,,,,,,,,,,2.173913e+00,,,,,,,,,,,,,1.515152e+00,2.173913e+00,3.689065e+00,2.173913e+00,1.515152e+00,,,,,,,7.575758e+00,3.030303e+00,1.515152e+00,,,,,,2.430830e+01,,,,,,,,,,,,,,,,,,,,3.030303e+00,1.515152e+00,1.515152e+00,,2.042161e+01,,,1.515152e+00,,,,1.515152e+00,,4.545455e+00,3.030303e+00,,,1.515152e+00,1.515152e+00,,,,,,,,,,,,,,,,,3.030303e+00,4.545455e+00,6.060606e+00,4.545455e+00,1.515152e+00,,,,1.515152e+00,3.030303e+00,6.060606e+00,1.515152e+00,,,,,3.030303e+00,1.515152e+00,4.545455e+00,6.060606e+00,7.575758e+00,,,,,,,,,,,,,,,,,,,,,,,,,,,,,,,,,,,,,,,,,,,,,,,,,,,,,,,,,,,,,,,,,,,,,,,,,,,,,,,,,,,,,,,,,,,,,,,,,,,,,,,
,,,,,,,,,,,,,,,,,,,,,,,,,,,,,,,,,,,,,,,,,,,,,,,,,,,,,,,,,,,,,,,,,,,,,,,,,,,,,,,,,,,,,,,,,,,,,,,,,,,,,,,,,,,,,,,,,,,,,,,2.173913e+00,,,,,,,,,,1.515152e+00,1.515152e+00,1.515152e+00,3.689065e+00,1.515152e+00,3.689065e+00,1.515152e+00,3.689065e+00,,2.173913e+00,,1.515152e+00,,,,,,,,,,,,,,,,,,,,,,,,,,,,,9.552042e+00,1.258235e+01,,1.258235e+01,1.844532e+01,1.693017e+01,1.515152e+00,1.515152e+00,5.204216e+00,5.204216e+00,5.204216e+00,5.204216e+00,5.204216e+00,5.204216e+00,5.204216e+00,1.515152e+00,1.515152e+00,1.515152e+00,1.515152e+00,3.689065e+00,3.689065e+00,5.204216e+00,2.173913e+00,2.173913e+00,2.173913e+00,2.173913e+00,2.173913e+00,,2.173913e+00,,,,,,2.173913e+00,2.173913e+00,,2.173913e+00,,,,,,,,,,,,,,,,,,,,,,,,,,,,,,,,,,,,,,,,,,,,,,,,,,,,,,,,,,,,,,,,,,,,,,,,,,,,,,,,,,,,,,,,,,,,,,,,,,,,,,,,,,,,,,,,,,,,,,,,,,,,,,,,,,,,,,,,9.552042e+00,7.378129e+00,5.862978e+00,5.862978e+00,8.036890e+00,5.862978e+00,7.378129e+00,7.378129e+00,7.378129e+00,5.862978e+00,3.689065e+00,2.173913e+00,2.173913e+00,2.173913e+00,3.689065e+00,,,,,,,,,2.173913e+00,,,,,,,,,,,,3.030303e+00,,,,,,,,,,,,,,,2.173913e+00,,,,,,,,1.515152e+00,,,1.515152e+00,1.515152e+00,,,,,,,,3.689065e+00,3.689065e+00,3.689065e+00,3.689065e+00,,,,,,,,,,,,,,1.515152e+00,1.515152e+00,1.515152e+00,1.515152e+00,1.515152e+00,1.515152e+00,1.515152e+00,1.515152e+00,1.515152e+00,1.515152e+00,1.515152e+00,1.515152e+00,1.515152e+00,1.515152e+00,1.515152e+00,1.515152e+00,1.515152e+00,,,,1.515152e+00,,,,,,,,,,,,,,,,,,,,3.030303e+00,4.545455e+00,3.030303e+00,,,,,,,,,,,,,5.204216e+00,3.689065e+00,,1.515152e+00,1.515152e+00,1.515152e+00,1.515152e+00,1.515152e+00,1.515152e+00,1.515152e+00,1.515152e+00,1.515152e+00,1.515152e+00,,,,,,3.689065e+00,1.515152e+00,,2.173913e+00,1.515152e+00,1.172596e+01,,,,,,,,,,,,,,,6.060606e+00,7.575758e+00,9.090909e+00,6.060606e+00,,,,,,,,,,,,,,,,,,,,,,,,,,,,,,,,,,,,,,,,,,,,,,,,,,,,,,,,,,,,,,,,,,,,,,,,1.515152e+00,1.515152e+00,,,,,,,,1.515152e+00,,,,4.347826e+00,,,,,,,,,,,,,,,,,,,,,,,,,,,,,,,,,,,,,,,,,,,,,,,,,,,,,,,,,,,,,,,,,,,,,,,,,,,,,,,,,,,,,,,,,,,,,,,,,,,,,,,,,,,,,
,,,,,,,,,,,,,,,,,,,,,,,,,,,,,,,,,,,,,,,,,,,,,,,,,,,,,,,,,,,,,,,,,,,,,,,,,,,,,,,,,,,,,,,,,,,,,,,,,,,,,,,,,,,,,,,,,,,,,,,,,,,,,,,,,2.173913e+00,2.173913e+00,3.689065e+00,5.862978e+00,5.862978e+00,,5.862978e+00,5.862978e+00,2.173913e+00,3.689065e+00,1.515152e+00,1.515152e+00,1.515152e+00,1.515152e+00,3.689065e+00,2.173913e+00,2.173913e+00,,,,,,,,,,,,,,,,,,,,,,,,,1.040843e+01,8.234519e+00,3.030303e+00,6.719368e+00,9.749670e+00,1.515152e+00,3.689065e+00,2.173913e+00,3.689065e+00,3.689065e+00,2.173913e+00,2.173913e+00,3.689065e+00,2.173913e+00,1.515152e+00,1.515152e+00,1.515152e+00,1.515152e+00,1.515152e+00,1.515152e+00,1.515152e+00,1.515152e+00,,,,,2.173913e+00,,,,,,5.862978e+00,3.689065e+00,3.689065e+00,2.173913e+00,,,,,,,,,,,,,,,,,,,,,,,,,,,,,,,,,,,,,,,,,,,,,,,,,,,,,,,,,,,,,,,,,,,,,,,,,,,,,,,,,,,,,,,,,,,,,,,,,,,,,,,,,,,,,,,,,,,,,,,,,,,,,,,,,,,,,,,,7.378129e+00,9.552042e+00,1.021080e+01,1.021080e+01,8.036890e+00,8.036890e+00,8.036890e+00,5.862978e+00,7.378129e+00,7.378129e+00,5.862978e+00,2.173913e+00,,,,,,,,,,,,,,,,,,,,,,,,,1.515152e+00,3.030303e+00,,,,,,,,,,,,,,1.515152e+00,3.689065e+00,,,,,,,,,,3.689065e+00,1.515152e+00,3.689065e+00,2.173913e+00,,,,,,3.689065e+00,3.689065e+00,3.689065e+00,3.689065e+00,1.515152e+00,,,,,,,,,2.173913e+00,2.173913e+00,2.173913e+00,2.173913e+00,,,1.515152e+00,3.030303e+00,3.030303e+00,1.515152e+00,1.515152e+00,3.030303e+00,1.515152e+00,1.515152e+00,,1.515152e+00,1.515152e+00,1.515152e+00,1.515152e+00,1.515152e+00,5.204216e+00,2.173913e+00,,,,,2.173913e+00,2.173913e+00,,,,,,,,,,,,,,,2.173913e+00,1.673254e+01,5.204216e+00,2.173913e+00,,,,,,3.030303e+00,1.515152e+00,,,,,,,3.689065e+00,5.862978e+00,3.689065e+00,3.689065e+00,3.689065e+00,1.515152e+00,1.515152e+00,1.515152e+00,1.515152e+00,1.515152e+00,1.515152e+00,1.515152e+00,1.515152e+00,1.515152e+00,1.515152e+00,,4.347826e+00,,,,,,1.021080e+01,1.824769e+01,2.173913e+00,2.173913e+00,,,,,,,,,,,,,,,,1.060606e+01,9.090909e+00,1.060606e+01,,,,,,,,,,,,,,,,,,,,,,,,,,,,,2.173913e+00,,,3.689065e+00,3.689065e+00,2.173913e+00,2.173913e+00,,,,4.347826e+00,1.515152e+00,,,,,,,,,,,,,,,,,,,,,,,,,,,,,,2.173913e+00,,,,,,2.173913e+00,,,,,,,,,,,,,,,,,,,,,,,,,,,,,,,,,,,,,,,,,,,,,,,,,,,,,,,,,,,,,,,,,,,,,,,,,,,,,,,,,,,,,,,,,,,,,,,,,,,,,,,,,,,,,,,,,,,,
,,,,,,,,,,,,,,,,,,,,,,,,,,,,,,,,,,,,,,,,,,,,,,,,,,,,,,,,,,,,,,,,,,,,,,,,,,,,,,,,,,,,,,,,,,,,,,,,,,,,,,,,,,,,,,,,,,,,,,,,,,,,,,,,,1.515152e+00,3.689065e+00,3.689065e+00,,,3.689065e+00,3.689065e+00,2.173913e+00,,,1.515152e+00,1.515152e+00,3.689065e+00,1.515152e+00,1.515152e+00,1.515152e+00,2.173913e+00,,,,,,,,,,,,,,,,,,,,,,,,,,,9.749670e+00,9.749670e+00,1.192358e+01,1.106719e+01,2.173913e+00,3.689065e+00,5.862978e+00,5.862978e+00,3.689065e+00,5.862978e+00,5.862978e+00,2.173913e+00,1.515152e+00,1.515152e+00,1.515152e+00,1.515152e+00,1.515152e+00,1.515152e+00,1.515152e+00,2.173913e+00,,,,,,,,,,2.173913e+00,3.689065e+00,,3.689065e+00,3.689065e+00,4.347826e+00,,,,,,,,,,,,,,,,,,,,,,,,,,,,,,,,,,,,,,,,,,,,,,,,,,,,,,,,,,,,,,,,,,,,,,,,,,,,,,,,,,,,,,,,,,,,,,,,,,,3.030303e+00,,,,,,,,,,,,,,,,,,,,,,,,,,,,,,,,,,,,7.378129e+00,6.521739e+00,6.521739e+00,9.552042e+00,9.552042e+00,8.036890e+00,8.036890e+00,4.347826e+00,3.689065e+00,3.689065e+00,,,,,,,,,,,,,,,,,,,,,,,,,,,,,,,,,,,,,,,,,,3.689065e+00,,,,,,,,,,,2.173913e+00,3.689065e+00,2.173913e+00,,,,,,,,,3.689065e+00,3.689065e+00,1.515152e+00,,,,,,,,2.173913e+00,,,,,,,1.515152e+00,3.030303e+00,3.030303e+00,1.515152e+00,1.515152e+00,1.515152e+00,1.515152e+00,1.515152e+00,5.204216e+00,,1.515152e+00,,,1.515152e+00,6.719368e+00,5.204216e+00,2.173913e+00,2.173913e+00,,,,,,,,,2.173913e+00,,,,,,,,,,,,,,,,,,,1.515152e+00,3.689065e+00,1.515152e+00,1.515152e+00,1.515152e+00,1.515152e+00,1.515152e+00,1.515152e+00,,,3.689065e+00,3.689065e+00,1.515152e+00,1.515152e+00,1.515152e+00,1.515152e+00,1.515152e+00,1.515152e+00,1.515152e+00,1.515152e+00,1.515152e+00,1.515152e+00,,,,,,4.347826e+00,,,8.036890e+00,1.515152e+00,,6.521739e+00,4.347826e+00,,,,,,,,,,,,,4.545455e+00,1.666667e+01,1.969697e+01,1.969697e+01,2.424242e+01,,,,,,,,,,,,,,,,,,,,,,,,,,,3.320158e+01,6.719368e+00,6.719368e+00,5.204216e+00,6.719368e+00,5.862978e+00,3.689065e+00,3.689065e+00,3.689065e+00,3.689065e+00,3.689065e+00,3.689065e+00,2.173913e+00,,,,,,,,,,,,,,,,,,,,,,,,,,,,,,,,,,,,,,,,,,,,4.347826e+00,,,,,,,,,,,,,,,,,,,,,,,,,,,,,,,,,,,,,,,,,,,,,,,,,,,,,,,,,,,,,,,,,,,,,,,,,,,,,,,,,,,,,,,,,,,,,,,,,,,,,,,,,,,,,
,,,,,,,,,,,,,,,,,,,,,,,,,,,,,,,,,,,,,,,,,,,,,,,,,,,,,,,,,,,,,,,,,,,,,,,,,,,,,,,,,,,,,,,,,,,,,,,,,,,,,,,,,,,,,,,,,,,,,,,,,,,,,,,,,1.515152e+00,,2.173913e+00,,,3.689065e+00,2.173913e+00,,,,1.515152e+00,,1.515152e+00,1.515152e+00,3.689065e+00,2.173913e+00,2.173913e+00,,,,,,,,,,,,,,,,,,,,,,,,,,,9.749670e+00,1.515152e+00,1.515152e+00,1.515152e+00,7.378129e+00,3.689065e+00,5.862978e+00,3.689065e+00,3.689065e+00,5.862978e+00,5.862978e+00,4.347826e+00,1.515152e+00,1.515152e+00,1.515152e+00,1.515152e+00,1.515152e+00,1.515152e+00,,2.173913e+00,,,,,,,,,,2.173913e+00,2.173913e+00,,2.173913e+00,3.689065e+00,4.347826e+00,,,,,,,,,,,,,,,,,,,,,,,,,,,,,,,,,,,,,,,,,,,,,,,,,,,,,,,,,,,,,,,,,,,,,,,,,,,,,,,,,,,,,,,,,,,,,,,,,,,,,,,,,,,,,,,,,,,,,,,,,,,,,,,,,,,,,,,,6.521739e+00,9.552042e+00,9.552042e+00,9.552042e+00,9.552042e+00,9.552042e+00,7.378129e+00,4.347826e+00,2.173913e+00,2.173913e+00,,,2.173913e+00,,,,,,,,,,,,,,,,,,,,,,,,,,,,,,,,,,,,3.689065e+00,3.689065e+00,1.515152e+00,,,,,,,,,,,,,,2.173913e+00,1.515152e+00,3.689065e+00,,,,,3.689065e+00,1.515152e+00,3.689065e+00,1.515152e+00,,,,,,,1.515152e+00,2.173913e+00,,,,,1.515152e+00,,1.515152e+00,,1.515152e+00,1.515152e+00,1.515152e+00,3.030303e+00,1.515152e+00,3.689065e+00,3.030303e+00,3.030303e+00,5.204216e+00,4.545455e+00,,1.515152e+00,3.030303e+00,7.378129e+00,2.173913e+00,2.173913e+00,,,,,,,,,3.689065e+00,,,,,,,,,,,,,,,,1.515152e+00,1.515152e+00,,,,,,,1.515152e+00,,1.515152e+00,,,,,1.515152e+00,1.515152e+00,1.515152e+00,1.515152e+00,1.515152e+00,1.515152e+00,1.515152e+00,1.515152e+00,1.515152e+00,1.515152e+00,1.515152e+00,1.515152e+00,,2.173913e+00,6.521739e+00,8.036890e+00,4.347826e+00,1.238472e+01,,2.173913e+00,2.173913e+00,2.173913e+00,8.695652e+00,2.173913e+00,,,,,,,,,,,3.030303e+00,,,,,1.818182e+01,,,,,,,,,,,,,,,,,,,,,,,,,,,7.378129e+00,1.106719e+01,2.213439e+01,5.204216e+00,8.893280e+00,6.719368e+00,8.893280e+00,5.862978e+00,5.862978e+00,3.689065e+00,3.689065e+00,2.173913e+00,,,,,,,,,,,,,,,,,,,,,,,,,,,,,,,,,,,,,,,,,,,,,5.862978e+00,,,,,,,,,,,,,,,,,,,,,,,,,,,,,,,,,,,,,,,,,,,,,,,,,,,,,,,,,,,,,,,,,,,,,,,,,,,,,,,,,,,,,,,,,,,,,,,,,,,,,,,,,,,,,
,,,,,,,,,,,,,,,,,,,,,,,,,,,,,,,,,,,,,,,,,,,,,,,,,,,,,,,,,,,,,,,,,,,,,,,,,,,,,,,,,,,,,,,,,,,,,,,,,,,,,,,,,,,,,,,,,,,,,,,,,,,,,,,,,,,,,2.173913e+00,4.347826e+00,3.689065e+00,5.862978e+00,1.515152e+00,,,3.689065e+00,1.515152e+00,1.515152e+00,2.173913e+00,2.173913e+00,,2.173913e+00,,,,,,,,,,,,,,,,,,,,,,,,,5.862978e+00,5.862978e+00,5.862978e+00,,2.173913e+00,,,,,1.515152e+00,1.515152e+00,,,1.515152e+00,1.515152e+00,1.515152e+00,1.515152e+00,1.515152e+00,,1.515152e+00,4.347826e+00,,,,,,,,2.173913e+00,2.173913e+00,,2.173913e+00,2.173913e+00,2.173913e+00,2.173913e+00,2.173913e+00,,,,,,,,,,,,,,,,,,,,,,,,,,,,,,,,,,,,,,,,,,,,,,,,,,,,,,,,,,,,,,,,,,,,,,,,,,,,,,,,,,,,,,,,,,,,,,,,,,,,,,,2.173913e+00,,,,,,,,,,,,,,,,,,,,,,,,,,,,,,,,,5.862978e+00,3.689065e+00,3.689065e+00,5.862978e+00,5.862978e+00,4.347826e+00,3.689065e+00,1.021080e+01,,,,,,,,2.173913e+00,,,,,,,,,,,,,,,,,,,,,,,,,,,,,2.173913e+00,1.515152e+00,1.515152e+00,1.515152e+00,,,,,,,,,,,,3.689065e+00,,3.689065e+00,3.689065e+00,3.689065e+00,,,,,,,,1.515152e+00,1.515152e+00,1.515152e+00,1.515152e+00,,1.515152e+00,,,1.515152e+00,1.515152e+00,1.515152e+00,5.204216e+00,,,,,3.030303e+00,1.515152e+00,3.030303e+00,3.030303e+00,1.515152e+00,1.515152e+00,1.515152e+00,3.030303e+00,1.515152e+00,3.689065e+00,1.389987e+01,1.389987e+01,1.389987e+01,1.389987e+01,1.172596e+01,9.552042e+00,9.552042e+00,3.689065e+00,4.347826e+00,4.347826e+00,2.173913e+00,3.689065e+00,,2.173913e+00,4.347826e+00,,,,2.173913e+00,,,,,,,,,,,1.515152e+00,3.689065e+00,5.204216e+00,6.719368e+00,5.204216e+00,5.204216e+00,5.204216e+00,5.204216e+00,3.689065e+00,1.515152e+00,1.515152e+00,1.515152e+00,1.515152e+00,1.515152e+00,1.515152e+00,1.515152e+00,3.030303e+00,,1.515152e+00,,,,1.515152e+00,1.515152e+00,1.515152e+00,1.515152e+00,1.515152e+00,1.515152e+00,1.515152e+00,1.515152e+00,1.515152e+00,,1.515152e+00,,5.862978e+00,3.689065e+00,1.021080e+01,8.036890e+00,2.173913e+00,,2.173913e+00,,,,,,,,,,,,,,,,,,,,,,,,,,,,,,,,,,,,,,,,,,,,,,,,1.515152e+00,,4.347826e+00,1.021080e+01,8.036890e+00,1.021080e+01,5.862978e+00,5.862978e+00,2.173913e+00,2.173913e+00,,,,,,,,,,,,,,,,,,,,,,,,,,,,,,,,2.173913e+00,,,,,,,,,,,,,,,,,,,1.515152e+00,1.515152e+00,,,,,,,,,,,,,,,,,,,,,,,,,,,,,,,,,,,,,,,,,,,,,,,,,,,,,,,,,,,,,,,,,,,,,,,,,,,,,,,,,,,,,,,,,,,,,,,,,,,,,,
,,,,,,,,,,,,,,,,,,,,,,,,,,,,,,,,,,,,,,,,,,,,,,,,,,,,,,,,,,,,,,,,,,,,,,,,,,,,,,,,,,,,,,,,,,,,,,,,,,,,,,,,,,,,,,,,,,,,,,,,,,,,,,,,,,,,,1.515152e+00,1.515152e+00,1.515152e+00,,,,,,,1.515152e+00,3.689065e+00,,,,2.173913e+00,,2.173913e+00,,,,,,,,,,,,,,,,,,,,,5.204216e+00,7.378129e+00,7.378129e+00,7.378129e+00,3.689065e+00,,,,,,1.515152e+00,1.515152e+00,1.515152e+00,,1.515152e+00,1.515152e+00,1.515152e+00,3.689065e+00,3.689065e+00,1.515152e+00,1.515152e+00,,,,,,,,,4.347826e+00,4.347826e+00,2.173913e+00,2.173913e+00,2.173913e+00,2.173913e+00,4.347826e+00,,,,,,,,,,,,,,,,,,,,,,,,,,,,,,,,,,,,,,,,,,,,,,,,,,,,,,,,,,,,,,,,,,,,,,,,,,,,,,,,,,,,,,,,,,,,,,,,,,,,,,,,,,,,,,,,,,,,,,,,,,,,,,,,,,,,,,,,,9.552042e+00,9.552042e+00,9.552042e+00,4.347826e+00,6.521739e+00,5.862978e+00,,4.347826e+00,2.173913e+00,2.173913e+00,2.173913e+00,4.347826e+00,2.173913e+00,2.173913e+00,,,,,,,,,,,,,,,,,,,,,,,,,,,,,,,,7.378129e+00,7.378129e+00,7.378129e+00,7.378129e+00,,,,,,,,,,,,,3.689065e+00,3.689065e+00,3.689065e+00,,,,,,,,,,,,,1.515152e+00,1.515152e+00,1.515152e+00,1.515152e+00,,1.515152e+00,3.030303e+00,1.515152e+00,,,1.515152e+00,3.030303e+00,1.515152e+00,,1.515152e+00,3.030303e+00,4.545455e+00,3.030303e+00,3.030303e+00,,3.689065e+00,1.389987e+01,1.824769e+01,1.607378e+01,1.607378e+01,1.389987e+01,1.389987e+01,1.389987e+01,5.204216e+00,5.204216e+00,5.204216e+00,7.378129e+00,5.862978e+00,2.173913e+00,2.173913e+00,6.521739e+00,,,,2.173913e+00,2.173913e+00,2.173913e+00,2.173913e+00,,,,,,,,1.515152e+00,5.204216e+00,6.719368e+00,1.040843e+01,1.515152e+00,1.515152e+00,3.030303e+00,3.689065e+00,3.689065e+00,3.689065e+00,3.689065e+00,3.689065e+00,1.515152e+00,1.515152e+00,1.515152e+00,1.515152e+00,,1.515152e+00,1.515152e+00,1.515152e+00,1.515152e+00,1.515152e+00,3.030303e+00,1.515152e+00,1.515152e+00,1.515152e+00,1.515152e+00,1.515152e+00,1.515152e+00,1.515152e+00,1.515152e+00,,,,5.862978e+00,,5.862978e+00,4.347826e+00,3.689065e+00,1.515152e+00,2.173913e+00,2.173913e+00,2.173913e+00,,,,1.238472e+01,8.695652e+00,4.347826e+00,,,,,,,,,,,,,,,,,,,,,,,,,,,,,,,,,,,,,,,,,,,3.689065e+00,3.689065e+00,3.689065e+00,5.862978e+00,5.862978e+00,3.689065e+00,3.689065e+00,3.689065e+00,,,,,,,,1.515152e+00,1.515152e+00,1.515152e+00,1.515152e+00,1.515152e+00,1.515152e+00,,,,,,,,,,,,,,,,,,,,,,,,4.347826e+00,2.173913e+00,,,,,,,,,,,,,,,,,,,,,,,,,,,,,,,,,,,,,,,,,,,,,,,,,,,,,,,,,,,,,,,,,,,,,,,,,,,,,,,,,,,,,,,,,,,,,,,,,,,,,,,,,,,,,,,,,,,
,,,,,,,,,,,,,,,,,,,,,,,,,,,,,,,,,,,,,,,,,,,,,,,,,,,,,,,,,,,,,,,,,,,,,,,,,,,,,,,,,,,,,,,,,,,,,,,,,,,,,,,,,,,,,,,,,,,,,,,,,,,,,,,,,,,,,,,1.515152e+00,,,1.515152e+00,,,,,3.030303e+00,1.515152e+00,1.515152e+00,,2.173913e+00,,,,,,,,,,,,,,,,,,,,,1.515152e+00,,,3.689065e+00,3.689065e+00,,,,,,1.515152e+00,,,1.515152e+00,,,1.515152e+00,1.515152e+00,1.515152e+00,1.515152e+00,1.515152e+00,1.515152e+00,,,,,,,,,,4.347826e+00,2.173913e+00,2.173913e+00,2.173913e+00,2.173913e+00,2.173913e+00,4.347826e+00,,2.173913e+00,,,,,,,,,,,,,,,,,,,,,,,,,,,,,,,,,,,,,,,,,,,,,,,,,,,,,,,,,,,,,,,,,,,,,,,,,,,,,,,,,,,,,,,,,,,,,,,,,,,,,,,,,,,,,,,,,,,,,,,,,,,,,,,,,,,,,,,,,,,,4.347826e+00,,1.021080e+01,5.862978e+00,1.021080e+01,8.036890e+00,,4.347826e+00,,,,,,,,,,,,1.515152e+00,1.515152e+00,5.862978e+00,5.862978e+00,,6.521739e+00,4.347826e+00,4.347826e+00,2.173913e+00,2.173913e+00,2.173913e+00,2.173913e+00,2.173913e+00,,,2.173913e+00,,,,,,,,7.378129e+00,,,,,,,,,,,,,,,,,,,,,,,,,,,,,,1.515152e+00,1.515152e+00,,,,1.515152e+00,5.204216e+00,1.515152e+00,5.204216e+00,1.515152e+00,,,,1.515152e+00,1.515152e+00,,,,,,8.036890e+00,3.689065e+00,9.552042e+00,1.021080e+01,9.552042e+00,1.541502e+01,1.824769e+01,7.378129e+00,5.862978e+00,7.378129e+00,9.552042e+00,5.862978e+00,7.378129e+00,5.862978e+00,7.378129e+00,,,,,,2.173913e+00,2.173913e+00,5.862978e+00,,,,,1.515152e+00,3.030303e+00,3.689065e+00,9.749670e+00,6.719368e+00,5.204216e+00,1.515152e+00,5.204216e+00,3.689065e+00,3.689065e+00,3.689065e+00,1.515152e+00,3.689065e+00,3.689065e+00,1.515152e+00,1.515152e+00,1.515152e+00,1.515152e+00,1.515152e+00,1.515152e+00,1.515152e+00,,1.515152e+00,3.030303e+00,3.030303e+00,1.515152e+00,1.515152e+00,1.515152e+00,1.515152e+00,1.515152e+00,1.515152e+00,1.515152e+00,1.515152e+00,,,3.689065e+00,4.347826e+00,4.347826e+00,2.173913e+00,4.347826e+00,2.173913e+00,,,,,,,,5.862978e+00,4.347826e+00,2.325428e+01,2.259552e+01,3.432148e+01,2.391304e+01,1.739130e+01,,,,,,,,,,,,,,,,,,,,,,,,,,,,,,,,,,,,,,,5.862978e+00,3.689065e+00,3.689065e+00,3.689065e+00,,3.689065e+00,3.689065e+00,,,,,,,,,1.515152e+00,1.515152e+00,1.515152e+00,1.515152e+00,1.515152e+00,1.515152e+00,1.515152e+00,,,,,,,,,,,,,,,,,,,,4.347826e+00,2.173913e+00,4.347826e+00,,,,,,,,,,,,,,,,,,,,,,,,,,,,,,,,,,,,,,,,,,,,,,,,,,,,,,,,,,,,,,,,,,,,,,,,,,,,,,,,,,,,,,,,,,,,,,,,,,,,,,,,,,,,,,,,,,,,,
,,,,,,,,,,,,,,,,,,,,,,,,,,,,,,,,,,,,,,,,,,,,,,,,,,,,,,,,,,,,,,,,,,,,,,,,,,,,,,,,,,,,,,,,,,,,,,,,,,,,,,,,,,,,,,,,,,,,,,,,,,,,,,,,,,,,,,,1.515152e+00,1.515152e+00,,,,,,,,,1.515152e+00,,,,,,,,,,,,,,,,,,,,,,,1.515152e+00,,2.173913e+00,3.689065e+00,,,,,,,,,,,,,1.515152e+00,1.515152e+00,,1.515152e+00,1.515152e+00,,,,,,,,,,5.862978e+00,2.173913e+00,2.173913e+00,2.173913e+00,2.173913e+00,,4.347826e+00,2.173913e+00,,,,,,,,,,,,,,,,,,,,,,,,,,,,,,,,,,,,,,,,,,,,,,,,,,,,,,,,,,,,,,,,,,,,,,,,,,,,,,,,,,,,,,,,,,,,,,,,,,,,,,,,,,,,,,,,,,,,,,,,,,,,,,,,,,,,,,,,,,,,,,,5.862978e+00,,,,,,,,,,,,,4.347826e+00,2.173913e+00,4.347826e+00,5.862978e+00,5.862978e+00,5.862978e+00,5.862978e+00,8.036890e+00,5.862978e+00,5.862978e+00,6.521739e+00,6.521739e+00,4.347826e+00,4.347826e+00,2.173913e+00,2.173913e+00,,,,2.173913e+00,,,,,,,,,,,,,,,,,,,,,,,,,,,,,,,,,,,,,,,1.515152e+00,,,,,,3.030303e+00,5.204216e+00,,,,,,1.515152e+00,,,,,,,1.976285e+01,1.976285e+01,1.607378e+01,2.193676e+01,2.193676e+01,1.976285e+01,1.976285e+01,3.689065e+00,5.862978e+00,5.862978e+00,8.893280e+00,5.204216e+00,5.204216e+00,8.893280e+00,7.378129e+00,,,,,,,,5.204216e+00,3.030303e+00,3.030303e+00,5.204216e+00,8.893280e+00,5.204216e+00,8.893280e+00,3.689065e+00,3.689065e+00,3.689065e+00,1.515152e+00,1.515152e+00,1.515152e+00,3.030303e+00,1.515152e+00,3.689065e+00,3.689065e+00,3.689065e+00,3.689065e+00,1.515152e+00,1.515152e+00,1.515152e+00,1.515152e+00,1.515152e+00,,1.515152e+00,1.515152e+00,,,1.515152e+00,1.515152e+00,1.515152e+00,1.515152e+00,1.515152e+00,1.515152e+00,1.515152e+00,1.515152e+00,1.515152e+00,1.515152e+00,2.173913e+00,,3.689065e+00,3.689065e+00,3.689065e+00,3.689065e+00,,,,,,,,,1.515152e+00,,8.695652e+00,4.347826e+00,6.521739e+00,2.542820e+01,1.304348e+01,,,,,,,,,,,,,,,7.727273e+01,,,,,,,3.030303e+00,,1.910408e+01,1.910408e+01,1.304348e+01,,1.515152e+00,,,,,,,,,,,,3.689065e+00,3.689065e+00,3.689065e+00,,,2.173913e+00,,,,,,,,,1.515152e+00,1.515152e+00,1.515152e+00,1.515152e+00,1.515152e+00,1.515152e+00,1.515152e+00,,,,,,,,,,,,,,,,4.347826e+00,4.347826e+00,2.173913e+00,2.173913e+00,4.347826e+00,,,,,,,,,,,,,,,,,,,,,,,,,,1.515152e+00,,,,,,,,,,,,2.173913e+00,,,,,,,,,,,,,,,,,,,,,,,,,,,,,,,,,,,,,,,,,,,,,,,,,,,,,,,,,,,,,,,,,,,,,,,,,,,,,,,,,
,,,,,,,,,,,,,,,,,,,,,,,,,,,,,,,,,,,,,,,,,,,,,,,,,,,,,,,,,,,,,,,,,,,,,,,,,,,,,,,,,,,,,,,,,,,,,,,,,,,,,,,,,,,,,,,,,,,,,,,,,,,1.515152e+00,2.173913e+00,,,,,2.173913e+00,,,,,,1.515152e+00,1.515152e+00,,,,,,,,,,,,,,,,,,,,,,,,,,,,1.515152e+00,3.030303e+00,3.030303e+00,4.545455e+00,7.575758e+00,,,,,,,,,2.173913e+00,2.173913e+00,2.173913e+00,2.173913e+00,2.173913e+00,3.689065e+00,1.515152e+00,2.173913e+00,2.173913e+00,2.173913e+00,2.173913e+00,2.173913e+00,,,2.173913e+00,2.173913e+00,2.173913e+00,2.173913e+00,,2.173913e+00,7.378129e+00,7.378129e+00,2.173913e+00,2.173913e+00,2.173913e+00,2.173913e+00,2.173913e+00,2.173913e+00,,,,,,,,,,,,,,,,,,,,,,,,,,,,,,,,,,,,,,,,,,,,,,,,,,,,,,,,,,,,,,,,,,,,,,,,,,,,,,,,,,,,,,,,,,,,,,,,,,,,,,,,,,,,,,,,,,,,,,,,,,,,,,,,,,,,,,,,,,,,,,,,5.862978e+00,,,,,,,,,,,4.347826e+00,8.036890e+00,8.036890e+00,8.036890e+00,1.021080e+01,1.673254e+01,1.521739e+01,1.673254e+01,1.607378e+01,1.673254e+01,1.455863e+01,6.521739e+00,6.521739e+00,8.036890e+00,2.173913e+00,2.173913e+00,6.521739e+00,6.521739e+00,8.036890e+00,1.086957e+01,6.521739e+00,6.521739e+00,6.521739e+00,,,,,,,5.204216e+00,,,,,,,,,,,,,,,,,,,,,,,,,,,,,,,,,,,,,,,,,,,,2.173913e+00,5.862978e+00,3.030303e+00,1.515152e+00,5.204216e+00,5.204216e+00,5.204216e+00,1.238472e+01,1.238472e+01,8.695652e+00,1.086957e+01,1.086957e+01,1.086957e+01,8.695652e+00,8.036890e+00,5.862978e+00,5.862978e+00,1.021080e+01,1.172596e+01,1.172596e+01,1.324111e+01,1.475626e+01,7.378129e+00,2.173913e+00,7.378129e+00,7.378129e+00,1.106719e+01,1.106719e+01,1.106719e+01,1.515152e+00,1.515152e+00,1.515152e+00,1.515152e+00,1.515152e+00,1.515152e+00,,,5.204216e+00,1.515152e+00,3.030303e+00,1.515152e+00,3.030303e+00,,1.515152e+00,1.515152e+00,1.515152e+00,1.515152e+00,1.515152e+00,1.515152e+00,1.515152e+00,1.515152e+00,1.515152e+00,3.689065e+00,3.689065e+00,5.862978e+00,5.862978e+00,5.862978e+00,5.862978e+00,5.862978e+00,5.862978e+00,5.862978e+00,5.862978e+00,3.689065e+00,3.689065e+00,3.689065e+00,3.689065e+00,1.515152e+00,,4.347826e+00,2.173913e+00,,,,,2.173913e+00,2.173913e+00,2.173913e+00,2.173913e+00,8.695652e+00,4.347826e+00,,3.689065e+00,,,,,,,,,,,,,,,,,,,,,,,,,,,,,,1.515152e+00,3.320158e+01,3.972332e+01,6.060606e+00,3.030303e+00,,,,,,,,,,,1.515152e+00,,,,,,,,,1.515152e+00,,,,,,1.515152e+00,3.030303e+00,3.030303e+00,3.030303e+00,3.030303e+00,3.030303e+00,3.030303e+00,3.030303e+00,1.515152e+00,,,1.515152e+00,,1.515152e+00,,,,,,,,,,,2.173913e+00,2.173913e+00,,,,,,,,,,,,,,,,,,,,,,,,,,,,,,,,,,,,,,,4.347826e+00,,,,,,,,,,,,,,,,,,,,,,,,,,,,,,,,,,,,,,,,,,,,,,,,,,,,,,,,,,,,,,,,,,,,,,,,,,,,,,,,,,
,,,,,,,,,,,,,,,,,,,,,,,,,,,,,,,,,,,,,,,,,,,,,,,,,,,,,,,,,,,,,,,,,,,,,,,,,,,,,,,,,,,,,,,,,,,,,,,,,,,,,,,,,,,,,,,,,,,,,,,,,,,,,,,,,2.173913e+00,2.173913e+00,,,,,,3.689065e+00,1.515152e+00,,,,,,,,,,,,,,,,,,,,,,,,,,1.515152e+00,3.030303e+00,5.204216e+00,5.204216e+00,6.719368e+00,9.749670e+00,,,,,,,,,2.173913e+00,2.173913e+00,2.173913e+00,2.173913e+00,3.689065e+00,3.689065e+00,3.689065e+00,2.173913e+00,2.173913e+00,2.173913e+00,2.173913e+00,,,,,,,,2.173913e+00,2.173913e+00,7.378129e+00,7.378129e+00,2.173913e+00,2.173913e+00,2.173913e+00,2.173913e+00,,,,,,,,,,,,,,,,,,,,,,,,,,,,,,,,,,,,,,,,,,,,,,,,,,,,,,,,,,,,,,,,,,,,,,,,,,,,,,,,,,,,,,,,,,,,,,,,,,,,,,,,,,,,,,,,,,,,,,,,,,,,,,,,,,,,,,,,,,,,,,,,,,4.347826e+00,8.036890e+00,,,3.689065e+00,,,,,4.347826e+00,4.347826e+00,4.347826e+00,4.347826e+00,6.521739e+00,1.021080e+01,4.347826e+00,2.173913e+00,2.173913e+00,2.173913e+00,2.173913e+00,2.173913e+00,8.036890e+00,2.173913e+00,,8.036890e+00,1.758893e+01,2.042161e+01,8.036890e+00,3.689065e+00,3.689065e+00,,4.347826e+00,6.521739e+00,6.521739e+00,,,,,,,,,,,,,,,,,,,,,,,,,,,,2.173913e+00,2.173913e+00,,,,,,,,,,,,,,,,,,,,,,4.347826e+00,1.515152e+00,5.204216e+00,,,5.204216e+00,5.204216e+00,1.021080e+01,8.036890e+00,1.238472e+01,2.476943e+01,1.890646e+01,1.086957e+01,6.521739e+00,8.036890e+00,9.552042e+00,5.862978e+00,5.862978e+00,1.021080e+01,9.552042e+00,5.204216e+00,1.475626e+01,1.475626e+01,7.378129e+00,1.475626e+01,5.862978e+00,1.106719e+01,1.324111e+01,1.324111e+01,1.515152e+00,,1.515152e+00,,,,,,1.324111e+01,1.996047e+01,,3.030303e+00,1.515152e+00,1.515152e+00,1.515152e+00,1.515152e+00,1.515152e+00,1.515152e+00,1.515152e+00,1.515152e+00,1.515152e+00,1.515152e+00,1.515152e+00,5.862978e+00,5.862978e+00,5.862978e+00,5.862978e+00,5.862978e+00,5.862978e+00,5.862978e+00,5.862978e+00,8.036890e+00,8.036890e+00,2.173913e+00,1.515152e+00,3.689065e+00,,,,,,,,,2.173913e+00,2.173913e+00,2.173913e+00,2.173913e+00,4.347826e+00,6.521739e+00,4.347826e+00,4.347826e+00,,,,,,,,,,,,,,,,,2.173913e+00,2.173913e+00,,,,,,,,,,,,,,9.749670e+00,8.234519e+00,6.060606e+00,4.545455e+00,1.515152e+00,,,1.515152e+00,5.204216e+00,3.689065e+00,3.689065e+00,1.515152e+00,1.515152e+00,1.515152e+00,1.515152e+00,,,,,2.173913e+00,,,5.204216e+00,1.515152e+00,,,,,,1.515152e+00,3.030303e+00,3.030303e+00,3.030303e+00,3.030303e+00,3.030303e+00,1.515152e+00,1.515152e+00,1.515152e+00,,,,,,,,,,,,,,,2.173913e+00,2.173913e+00,2.173913e+00,,,,,,,,,,,,,,,,,,,,,,,,,,,,,,,,,,,2.173913e+00,,,,,,,,,,,,,,,,,,,,,,,,,,,,,,,,,,,,,,,,,,,,,,,,,,,,,,,,,,,,,,,,,,,,,,,,,,,,,,,,,,,,,,
,,,,,,,,,,,,,,,,,,,,,,,,,,,,,,,,,,,,,,,,,,,,,,,,,,,,,,,,,,,,,,,,,,,,,,,,,,,,,,,,,,,,,,,,,,,,,,,,,,,,,,,,,,,,,,,,,,,,,,,,,,,,2.173913e+00,,,,1.515152e+00,,2.173913e+00,,,,,,1.515152e+00,1.515152e+00,1.515152e+00,,,,,,,,,,,,,,,,,,,,,,,,,,1.515152e+00,,1.515152e+00,5.204216e+00,1.515152e+00,,,,,,,,,2.173913e+00,2.173913e+00,2.173913e+00,2.173913e+00,1.515152e+00,,3.689065e+00,2.173913e+00,2.173913e+00,2.173913e+00,2.173913e+00,,,,,,2.173913e+00,2.173913e+00,3.689065e+00,5.862978e+00,8.893280e+00,7.378129e+00,2.173913e+00,2.173913e+00,3.689065e+00,,,,,,,,,,,,,,,,,,,,,,,,,,,,,,,,,,,,,,,,,,,,,,,,,,,,,,,,,,,,,,,,,,,,,,,,,,,,,,,,,,,,,,,,,,,,,,,,,,,,,,,,,,,,,,,,,,,,,,,,,,,,,,,,,,,,,,,,,,,,,,,,,,8.695652e+00,5.862978e+00,5.862978e+00,8.036890e+00,1.021080e+01,2.325428e+01,1.238472e+01,3.689065e+00,5.862978e+00,2.173913e+00,5.862978e+00,8.036890e+00,6.521739e+00,8.695652e+00,8.695652e+00,8.695652e+00,4.347826e+00,2.173913e+00,2.173913e+00,4.347826e+00,1.238472e+01,1.238472e+01,1.021080e+01,2.173913e+00,5.862978e+00,4.841897e+01,7.358366e+01,6.686430e+01,2.997365e+01,3.689065e+00,,2.173913e+00,8.695652e+00,4.347826e+00,1.086957e+01,,,,,,,,,,,,,,,,,,,,,,,,,,,,,,,,,,,,,,,,,,,,,1.515152e+00,,,,,,8.695652e+00,5.204216e+00,5.204216e+00,5.204216e+00,1.515152e+00,,,8.036890e+00,8.036890e+00,8.036890e+00,1.455863e+01,1.455863e+01,1.455863e+01,1.086957e+01,8.036890e+00,8.036890e+00,8.036890e+00,5.862978e+00,8.036890e+00,1.324111e+01,1.324111e+01,1.475626e+01,1.475626e+01,1.475626e+01,1.475626e+01,1.324111e+01,9.552042e+00,1.106719e+01,1.106719e+01,,,1.515152e+00,1.515152e+00,1.515152e+00,,,,2.173913e+00,2.173913e+00,1.515152e+00,,,1.515152e+00,,1.515152e+00,1.515152e+00,1.515152e+00,1.515152e+00,1.515152e+00,1.515152e+00,1.515152e+00,1.515152e+00,5.862978e+00,5.862978e+00,5.862978e+00,5.862978e+00,5.862978e+00,5.862978e+00,5.862978e+00,5.862978e+00,3.689065e+00,3.689065e+00,3.689065e+00,3.689065e+00,3.689065e+00,3.689065e+00,3.689065e+00,2.173913e+00,,,2.173913e+00,2.173913e+00,2.173913e+00,,2.173913e+00,2.173913e+00,2.173913e+00,,2.173913e+00,2.173913e+00,1.521739e+01,8.695652e+00,,,,,,,,,,,,,,2.173913e+00,,6.521739e+00,,2.173913e+00,,,,1.172596e+01,,,,,,,,3.030303e+00,6.060606e+00,8.234519e+00,6.060606e+00,6.060606e+00,4.545455e+00,6.060606e+00,6.060606e+00,3.030303e+00,9.552042e+00,6.719368e+00,5.204216e+00,1.515152e+00,3.689065e+00,3.689065e+00,3.030303e+00,,,,,,,,5.204216e+00,1.515152e+00,1.515152e+00,1.515152e+00,1.515152e+00,,1.515152e+00,1.515152e+00,1.515152e+00,3.030303e+00,1.515152e+00,1.515152e+00,1.515152e+00,1.515152e+00,1.515152e+00,,,,,,,,,,,,,,,,,4.347826e+00,4.347826e+00,,,,,,,,,,,,,,,,,,,,,,,,,,,,,2.173913e+00,1.172596e+01,,1.172596e+01,9.552042e+00,,,,,,,,,,,,,,,,,,,,,,,,,,,,,,,,,,,,,,,,,,,,,,,,,,,,,,,,,,,,,,,,,,,,,,,,,,,,,,,,,,,,,,,,
,,,,,,,,,,,,,,,,,,,,,,,,,,,,,,,,,,,,,,,,,,,,,,,,,,,,,,,,,,,,,,,,,,,,,,,,,,,,,,,,,,,,,,,,,,,,,,,,,,,,,,,,,,,,,,,,,,,,,,,,,,,,3.689065e+00,2.173913e+00,2.173913e+00,,,,,,,,,1.515152e+00,1.515152e+00,1.515152e+00,,,,,,,,,,,,,,,,,,,,,,,,,,,3.030303e+00,3.030303e+00,,1.515152e+00,7.378129e+00,,,,,,,,2.173913e+00,4.347826e+00,2.173913e+00,2.173913e+00,5.862978e+00,5.862978e+00,3.689065e+00,4.347826e+00,,,2.173913e+00,2.173913e+00,2.173913e+00,2.173913e+00,2.173913e+00,2.173913e+00,2.173913e+00,2.173913e+00,7.378129e+00,4.347826e+00,7.378129e+00,7.378129e+00,7.378129e+00,2.173913e+00,2.173913e+00,2.173913e+00,,,,,,,,,,,,,,,,,,,,,,,,,,,,,,,,,,,,,,,,,,,,,,,,,,,,,,,,,,,,,,,,,,,,,,,,,,,,,,,,,,,,,,,,,,,,,,,,,,,,,,,,,,,,,,,,,,,,,,,,,,,,,,,,,,,,,,,,,,,,,,,,,,8.036890e+00,4.347826e+00,4.347826e+00,,5.862978e+00,1.890646e+01,2.173913e+00,2.173913e+00,3.689065e+00,2.173913e+00,4.347826e+00,4.347826e+00,2.173913e+00,4.347826e+00,4.347826e+00,4.347826e+00,6.521739e+00,1.021080e+01,1.890646e+01,2.193676e+01,6.515151e+01,6.363636e+01,5.388670e+01,3.043478e+01,4.235836e+01,4.953886e+01,6.080369e+01,3.280632e+01,4.169960e+01,2.694335e+01,1.824769e+01,2.173913e+01,1.455863e+01,,,,,,,,,,,,,,,,,,,,,,,,,,,,,,,,,,,,,,,,,,,,,,,,,,,,5.862978e+00,1.758893e+01,5.204216e+00,,,,,,3.689065e+00,3.689065e+00,3.689065e+00,1.238472e+01,1.238472e+01,1.238472e+01,4.347826e+00,3.689065e+00,5.862978e+00,8.036890e+00,3.689065e+00,5.862978e+00,8.036890e+00,1.324111e+01,1.324111e+01,1.324111e+01,1.324111e+01,1.324111e+01,1.324111e+01,1.324111e+01,1.106719e+01,1.324111e+01,1.515152e+00,,,,7.378129e+00,,,,,1.106719e+01,,1.515152e+00,1.515152e+00,,,1.515152e+00,1.515152e+00,1.515152e+00,1.515152e+00,1.515152e+00,1.515152e+00,1.515152e+00,1.515152e+00,1.515152e+00,5.862978e+00,5.862978e+00,5.862978e+00,5.862978e+00,5.862978e+00,5.862978e+00,3.689065e+00,3.689065e+00,3.689065e+00,3.689065e+00,3.689065e+00,3.689065e+00,3.689065e+00,1.515152e+00,,,,,,,,,,2.173913e+00,,,,,1.956522e+01,,,2.173913e+00,,,,,2.173913e+00,,5.862978e+00,,,,,,2.173913e+00,2.173913e+00,2.173913e+00,,9.552042e+00,1.106719e+01,2.081686e+01,6.060606e+00,4.545455e+00,,3.030303e+00,3.030303e+00,3.030303e+00,,,6.060606e+00,3.030303e+00,3.030303e+00,6.060606e+00,6.060606e+00,4.545455e+00,7.575758e+00,6.719368e+00,4.163373e+01,7.378129e+00,2.213439e+01,1.040843e+01,5.204216e+00,5.862978e+00,,,,,,,,,5.204216e+00,1.515152e+00,5.204216e+00,5.204216e+00,5.204216e+00,,3.689065e+00,3.030303e+00,3.030303e+00,3.030303e+00,1.515152e+00,1.515152e+00,1.515152e+00,3.030303e+00,1.515152e+00,1.515152e+00,1.515152e+00,,,,,,,,,,,,,,,2.173913e+00,3.689065e+00,5.862978e+00,1.515152e+00,,,,,,,,,,,,,,,,,,,,,,,,,1.515152e+00,,,,2.173913e+00,2.173913e+00,,,,,,,,,,,,,,,,,,,,,,,,,,,,,,,,,,,,,,,,,,,,,,,,,,,,,,,,,,,,,,,,,,,,,,,,,,,,,,,,,,,,,,,,,
,,,,,,,,,,,,,,,,,,,,,,,,,,,,,,,,,,,,,,,,,,,,,,,,,,,,,,,,,,,,,,,,,,,,,,,,,,,,,,,,,,,,,,,,,,,,,,,,,,,,,,,,,,,,,,,,,,,,,,,,,,,,2.173913e+00,2.173913e+00,2.173913e+00,2.173913e+00,2.173913e+00,,,,,,,,,,,,,,,,,,,,,,,,,,,,,,,,,,1.515152e+00,1.515152e+00,1.515152e+00,1.515152e+00,1.515152e+00,1.515152e+00,2.173913e+00,2.173913e+00,6.521739e+00,4.347826e+00,4.347826e+00,2.173913e+00,2.173913e+00,2.173913e+00,6.521739e+00,4.347826e+00,4.347826e+00,4.347826e+00,4.347826e+00,4.347826e+00,6.521739e+00,4.347826e+00,2.173913e+00,2.173913e+00,2.173913e+00,2.173913e+00,2.173913e+00,2.173913e+00,2.173913e+00,,,,,,1.515152e+00,,,,,,,,,,,,,,,,,,,,,,,,,,,,,,,,,,,,,,,,,,,,,,,,,,,,,,,,,,,,,,,,,,,,,,,,,,,,,,,,,,,,,,,,,,,,,,,,,,,,,,,,,,,,,,,,,,,,,,,,,,,,,,,,,,,,,,,,,,,,,,,,,,,,,6.521739e+00,6.521739e+00,4.347826e+00,4.347826e+00,4.347826e+00,1.021080e+01,1.238472e+01,2.694335e+01,2.325428e+01,4.018445e+01,2.193676e+01,4.347826e+00,2.173913e+00,2.173913e+00,2.173913e+00,,,2.173913e+00,1.304348e+01,5.105402e+01,5.691700e+01,5.540184e+01,5.843215e+01,6.060606e+01,7.424242e+01,6.666666e+01,6.146245e+01,2.476943e+01,3.063241e+01,3.280632e+01,2.997365e+01,3.234519e+01,3.366271e+01,2.061924e+01,1.824769e+01,1.607378e+01,4.347826e+00,,,,,,,,,,,,,,,,,,,,,,,,,,,,,,,,,,,,,,,,,,,,,,,,,,1.106719e+01,1.910408e+01,3.689065e+00,3.689065e+00,2.173913e+00,2.173913e+00,2.173913e+00,2.173913e+00,3.689065e+00,5.862978e+00,8.036890e+00,5.862978e+00,5.862978e+00,8.036890e+00,9.552042e+00,8.036890e+00,1.106719e+01,6.719368e+00,6.719368e+00,7.378129e+00,8.036890e+00,1.021080e+01,8.036890e+00,8.036890e+00,8.036890e+00,8.036890e+00,8.036890e+00,8.036890e+00,9.552042e+00,5.862978e+00,1.515152e+00,,,,1.844532e+01,2.061924e+01,5.862978e+00,,,1.324111e+01,3.689065e+00,3.030303e+00,,,,,1.515152e+00,1.515152e+00,1.515152e+00,1.515152e+00,1.515152e+00,1.515152e+00,1.515152e+00,1.515152e+00,1.515152e+00,1.515152e+00,1.515152e+00,1.515152e+00,1.515152e+00,3.689065e+00,,,,,,,,,,,,,,,,2.173913e+00,2.173913e+00,2.173913e+00,,4.347826e+00,2.173913e+00,2.173913e+00,6.521739e+00,2.173913e+00,2.173913e+00,,,,1.515152e+00,1.515152e+00,,,,,,,,,,3.030303e+00,9.552042e+00,9.552042e+00,2.173913e+00,1.106719e+01,1.106719e+01,1.409750e+01,1.409750e+01,1.561265e+01,1.561265e+01,1.627141e+01,1.409750e+01,1.409750e+01,,4.545455e+00,4.545455e+00,4.545455e+00,6.719368e+00,7.575758e+00,4.769434e+01,5.704875e+01,8.893280e+00,1.106719e+01,1.106719e+01,7.378129e+00,1.106719e+01,8.893280e+00,1.106719e+01,9.090909e+00,3.030303e+00,4.545455e+00,4.545455e+00,4.545455e+00,4.545455e+00,4.545455e+00,3.030303e+00,3.030303e+00,1.515152e+00,1.515152e+00,1.515152e+00,,,,1.515152e+00,1.515152e+00,5.204216e+00,1.515152e+00,,,,,,,2.173913e+00,2.173913e+00,,,,,,,,,,,,3.689065e+00,3.689065e+00,1.515152e+00,5.862978e+00,3.689065e+00,,,,,,,,,,,,,,,,,,,,,,,,,,,,,,,,,,,,,,,,,,,,,,,,,,,,,,,,,,,,,,,,,,,,,,,,,,,,,,,,,,,,,,,,,,,,,,,,,,,,,,,,,,,,,,,,,,,,,,,
,,,,,,,,,,,,,,,,,,,,,,,,,,,,,,,,,,,,,,,,,,,,,,,,,,,,,,,,,,,,,,,,,,,,,,,,,,,,,,,,,,,,,,,,,,,,,,,,,,,,,,,,,,,,,,,,,,,,,,,,,,,,,2.173913e+00,2.173913e+00,2.173913e+00,,,,,,,,,,,,,,,,,,,,,,,,,,,,,,,,,,,1.515152e+00,1.515152e+00,1.515152e+00,1.515152e+00,1.515152e+00,1.515152e+00,2.173913e+00,2.173913e+00,6.521739e+00,4.347826e+00,4.347826e+00,2.173913e+00,2.173913e+00,2.173913e+00,6.521739e+00,4.347826e+00,4.347826e+00,6.521739e+00,4.347826e+00,4.347826e+00,6.521739e+00,4.347826e+00,2.173913e+00,2.173913e+00,2.173913e+00,2.173913e+00,2.173913e+00,2.173913e+00,2.173913e+00,,,,,1.515152e+00,1.515152e+00,,,,,,,,,,,,,,,,,,,,,,,,,,,,,,,,,,,,,,,,,,,,,,,,,,,,,,,,,,,,,,,,,,,,,,,,,,,,,,,,,,,,,,,,,,,,,,,,,,,,,,,,,,,,,,,,,,,,,,,,,,,,,,,,,,,,,,,,,,,,,,,,,,,6.521739e+00,6.521739e+00,4.347826e+00,4.347826e+00,4.347826e+00,4.347826e+00,1.021080e+01,1.890646e+01,1.607378e+01,5.862978e+00,2.193676e+01,1.389987e+01,4.347826e+00,5.862978e+00,2.173913e+00,2.173913e+00,2.173913e+00,2.173913e+00,2.826087e+01,2.826087e+01,2.391304e+01,5.691700e+01,6.818182e+01,6.969697e+01,7.272727e+01,7.575758e+01,7.121212e+01,5.691700e+01,6.686430e+01,3.148880e+01,3.366271e+01,3.280632e+01,3.280632e+01,2.779974e+01,2.779974e+01,2.061924e+01,1.561265e+01,1.996047e+01,1.561265e+01,,,,,,,,,,,,,,,,,,,,,,,,,,,,,,,,,,,,,,,,,,,,,,,,,4.347826e+00,5.862978e+00,,2.173913e+00,5.862978e+00,2.173913e+00,5.862978e+00,1.515152e+00,,3.689065e+00,8.036890e+00,8.036890e+00,5.862978e+00,3.689065e+00,8.036890e+00,2.345191e+01,1.238472e+01,6.719368e+00,6.719368e+00,5.204216e+00,9.552042e+00,1.021080e+01,5.862978e+00,5.862978e+00,8.695652e+00,6.521739e+00,5.862978e+00,5.862978e+00,5.862978e+00,8.036890e+00,1.021080e+01,5.862978e+00,,,1.515152e+00,1.258235e+01,1.824769e+01,1.475626e+01,8.036890e+00,1.324111e+01,8.893280e+00,3.689065e+00,8.036890e+00,,1.515152e+00,3.689065e+00,,,1.515152e+00,1.515152e+00,1.515152e+00,1.515152e+00,1.515152e+00,1.515152e+00,1.515152e+00,1.515152e+00,1.515152e+00,1.515152e+00,1.515152e+00,1.515152e+00,3.689065e+00,,,,,,,,,,,,,,,,,,,2.173913e+00,2.173913e+00,2.173913e+00,2.173913e+00,2.173913e+00,,,,,,,,,,,,,1.515152e+00,,,1.515152e+00,1.515152e+00,3.030303e+00,8.036890e+00,2.173913e+00,1.106719e+01,1.106719e+01,5.204216e+00,1.712780e+01,1.712780e+01,1.040843e+01,8.893280e+00,1.561265e+01,1.495389e+01,9.749670e+00,9.090909e+00,7.575758e+00,4.545455e+00,4.545455e+00,1.277997e+01,6.719368e+00,1.277997e+01,7.378129e+00,1.106719e+01,1.040843e+01,8.893280e+00,1.192358e+01,7.378129e+00,7.378129e+00,3.030303e+00,4.545455e+00,4.545455e+00,3.030303e+00,4.545455e+00,4.545455e+00,3.030303e+00,3.030303e+00,3.030303e+00,3.030303e+00,1.515152e+00,1.515152e+00,,,,1.515152e+00,,1.515152e+00,1.515152e+00,,,,,,,,,,,,,,,,,,,,3.689065e+00,1.515152e+00,1.515152e+00,,3.689065e+00,,,,,,,,,,,,,,,,,,,,,,,,,,,,,,,,,,,,,,,,,,,,,,,,,,,,,,,,,,,,,,,,,,,,,,,,,,,,,,,,,,,,,,,,,,,,,,,,,,,,,,,,,,,,,,,,,,,,,,,
,,,,,,,,,,,,,,,,,,,,,,,,,,,,,,,,,,,,,,,,,,,,,,,,,,,,,,,,,,,,,,,,,,,,,,,,,,,,,,,,,,,,,,,,,,,,,,,,,,,,,,,,,,,,,,,,,,,,,,,,,,,,,2.173913e+00,2.173913e+00,2.173913e+00,,,2.173913e+00,8.234519e+00,,,,,,,,,,,,,,,,,,,,,,,,,,,,,,,1.515152e+00,1.515152e+00,1.515152e+00,1.515152e+00,1.515152e+00,,,8.695652e+00,6.521739e+00,2.173913e+00,6.521739e+00,2.173913e+00,2.173913e+00,2.173913e+00,6.521739e+00,4.347826e+00,4.347826e+00,4.347826e+00,4.347826e+00,4.347826e+00,5.862978e+00,4.347826e+00,2.173913e+00,2.173913e+00,2.173913e+00,2.173913e+00,2.173913e+00,2.173913e+00,2.173913e+00,,,,,,,,,,,,,,,,,,,,,,,,,,,,,,,,,,,,,,,,,,,,,,,,,,,,,,,,,,,,,,,,,,,,,,,,,,,,,,,,,,,,,,,,,,,,,,,,,,,,,,,,,,,,,,,,,,,,,,,,,,,,,,,,,,,,,,,,,,,,,,,,,,,,,,,,6.521739e+00,4.347826e+00,8.036890e+00,4.347826e+00,4.347826e+00,4.347826e+00,3.689065e+00,5.862978e+00,6.521739e+00,4.347826e+00,2.173913e+00,1.172596e+01,9.552042e+00,2.173913e+00,,2.173913e+00,2.173913e+00,2.391304e+01,3.629776e+01,3.043478e+01,3.043478e+01,3.629776e+01,7.121212e+01,7.272727e+01,7.575758e+01,7.575758e+01,7.575758e+01,6.666666e+01,5.019763e+01,6.403162e+01,5.968379e+01,3.148880e+01,3.214756e+01,3.280632e+01,3.214756e+01,2.779974e+01,2.562582e+01,1.712780e+01,2.582345e+01,1.758893e+01,1.561265e+01,1.521739e+01,4.347826e+00,2.173913e+00,2.173913e+00,2.173913e+00,,,,,,,,,,,,,,,9.552042e+00,1.324111e+01,4.347826e+00,,,,,,,,,,,,,,,,,,,,,,,,,,4.347826e+00,3.689065e+00,,2.173913e+00,3.689065e+00,1.515152e+00,1.515152e+00,1.515152e+00,,2.173913e+00,2.173913e+00,5.862978e+00,8.036890e+00,5.862978e+00,8.036890e+00,1.021080e+01,3.346508e+01,1.021080e+01,6.719368e+00,5.204216e+00,9.552042e+00,8.893280e+00,7.378129e+00,8.036890e+00,4.347826e+00,4.347826e+00,2.173913e+00,3.689065e+00,5.862978e+00,5.862978e+00,8.036890e+00,2.173913e+00,1.515152e+00,1.515152e+00,1.515152e+00,4.545455e+00,1.021080e+01,1.515152e+00,5.862978e+00,1.106719e+01,1.324111e+01,1.324111e+01,1.515152e+00,1.515152e+00,9.552042e+00,3.689065e+00,6.060606e+00,,,1.515152e+00,1.515152e+00,1.515152e+00,,,3.689065e+00,3.689065e+00,3.689065e+00,1.515152e+00,1.515152e+00,3.689065e+00,3.689065e+00,,,,,,,,,,,,,,,,,,,,2.173913e+00,2.173913e+00,2.173913e+00,,,,,,,,,,,,,,,,,1.515152e+00,1.515152e+00,3.030303e+00,,2.173913e+00,3.689065e+00,8.036890e+00,1.515152e+00,3.030303e+00,,1.515152e+00,1.515152e+00,,1.515152e+00,6.060606e+00,6.060606e+00,4.545455e+00,7.575758e+00,4.545455e+00,4.545455e+00,6.719368e+00,6.719368e+00,5.204216e+00,1.106719e+01,9.552042e+00,1.106719e+01,8.893280e+00,5.204216e+00,7.378129e+00,1.515152e+00,4.545455e+00,3.030303e+00,3.030303e+00,4.545455e+00,4.545455e+00,3.030303e+00,3.030303e+00,3.030303e+00,,,,,1.515152e+00,,1.515152e+00,5.204216e+00,6.719368e+00,3.030303e+00,,1.515152e+00,1.515152e+00,1.515152e+00,,,,,,,,,,,,,,,,1.515152e+00,1.515152e+00,1.515152e+00,,,1.515152e+00,,,,,,,,,,,,,,,,5.862978e+00,,,,,,,,,,,,,,,,,,,,,,,,,,,,,,,,,,,,,,,,,,,,,,,,,,,,,,,,,,,,,,,,,,,,,,,,,,,,,,,,,,,,,,,,,,,,,,,,,,,,,,
,,,,,,,,,,,,,,,,,,,,,,,,,,,,,,,,,,,,,,,,,,,,,,,,,,,,,,,,,,,,,,,,,,,,,,,,,,,,,,,,,,,,,,,,,,,,,,,,,,,,,,,,,,,,,,,,,,,,,,,,,,,,,,2.173913e+00,3.689065e+00,2.173913e+00,2.173913e+00,2.173913e+00,3.906456e+01,,,,,,,,,,,,,,,,,,,,,,,,,,,,,,,1.515152e+00,1.515152e+00,1.515152e+00,1.515152e+00,1.515152e+00,,5.862978e+00,8.695652e+00,6.521739e+00,4.347826e+00,4.347826e+00,2.173913e+00,2.173913e+00,6.521739e+00,8.695652e+00,8.695652e+00,4.347826e+00,2.173913e+00,,2.173913e+00,,2.173913e+00,,,,,,,,,,,,,,,,,,,,,,,,,,,,,,,,,,,,,,,,,,,,,,,,,,,,,,,,,,,,,,,,,,,,,,,,,,,,,,,,,,,,,,,,,,,,,,,,,,,,,,,,,,,,,,,,,,,,,,,,,,,,,,,,,,,,,,,,,,,,,,,,,,,,,,,,,,,,,,4.347826e+00,2.173913e+00,2.173913e+00,2.173913e+00,2.173913e+00,2.173913e+00,3.689065e+00,1.021080e+01,4.347826e+00,4.347826e+00,2.173913e+00,5.757576e+01,5.303030e+01,4.716732e+01,5.303030e+01,4.367589e+01,1.086957e+01,2.628458e+01,2.931489e+01,2.325428e+01,2.325428e+01,2.476943e+01,1.956522e+01,7.424242e+01,6.969697e+01,7.121212e+01,7.121212e+01,7.121212e+01,6.515151e+01,6.363636e+01,7.727273e+01,5.191041e+01,5.645586e+01,6.534914e+01,2.193676e+01,2.411067e+01,1.890646e+01,6.521739e+00,6.060606e+00,1.258235e+01,1.475626e+01,1.910408e+01,4.347826e+00,1.844532e+01,2.061924e+01,1.758893e+01,1.324111e+01,6.719368e+00,6.719368e+00,,,,,,,,,,,,3.689065e+00,1.890646e+01,2.411067e+01,2.259552e+01,3.346508e+01,,,,,,,,,,,,,,,,,,,,,,,,,8.036890e+00,5.862978e+00,2.173913e+00,2.173913e+00,2.173913e+00,1.515152e+00,3.689065e+00,5.862978e+00,4.347826e+00,2.173913e+00,3.689065e+00,5.862978e+00,5.862978e+00,5.862978e+00,5.862978e+00,5.204216e+00,1.607378e+01,1.389987e+01,1.172596e+01,6.719368e+00,5.204216e+00,5.204216e+00,5.204216e+00,1.515152e+00,4.347826e+00,6.521739e+00,4.347826e+00,4.347826e+00,4.347826e+00,2.173913e+00,2.173913e+00,2.173913e+00,3.689065e+00,1.515152e+00,1.515152e+00,2.259552e+01,1.515152e+00,1.515152e+00,,5.204216e+00,1.515152e+00,1.515152e+00,1.515152e+00,1.515152e+00,2.173913e+00,,2.173913e+00,,,1.515152e+00,1.515152e+00,,3.030303e+00,1.515152e+00,1.515152e+00,1.515152e+00,3.689065e+00,3.689065e+00,3.689065e+00,1.515152e+00,1.515152e+00,,,,,,,,,,,,,,,,,,,,,,,2.173913e+00,,1.515152e+00,,,1.021080e+01,,1.515152e+00,,,,,,,,1.515152e+00,3.030303e+00,3.030303e+00,1.515152e+00,3.030303e+00,1.515152e+00,6.521739e+00,6.521739e+00,5.862978e+00,1.040843e+01,1.040843e+01,7.378129e+00,,1.172596e+01,1.172596e+01,7.378129e+00,1.126482e+01,1.798419e+01,1.798419e+01,1.646904e+01,1.646904e+01,1.949934e+01,2.101449e+01,1.192358e+01,1.778656e+01,1.040843e+01,1.778656e+01,7.378129e+00,5.204216e+00,3.030303e+00,4.545455e+00,4.545455e+00,6.060606e+00,3.030303e+00,4.545455e+00,3.030303e+00,3.030303e+00,3.030303e+00,3.030303e+00,3.030303e+00,3.030303e+00,3.030303e+00,3.030303e+00,3.030303e+00,3.030303e+00,3.030303e+00,3.030303e+00,3.030303e+00,3.030303e+00,3.030303e+00,3.030303e+00,3.030303e+00,5.204216e+00,1.515152e+00,,,,,,,,,,,,,,,1.515152e+00,1.515152e+00,1.515152e+00,1.515152e+00,1.515152e+00,1.515152e+00,1.515152e+00,,,,,,,,,,,,,,,,,,,,,,,,,,,,,,,,,,,,,,,,,,,,,,,,,,,,,,,,,,,,,,,,,,,,,,,,,,,,,,,,,,,,,,,,,,,,,,,,,,,,,,,,,,,,,,,,,,,,,
,,,,,,,,,,,,,,,,,,,,,,,,,,,,,,,,,,,,,,,,,,,,,,,,,,,,,,,,,,,,,,,,,,,,,,,,,,,,,,,,,,,,,,,,,,,,,,,,,,,,,,,,,,,,,,,,,,,,,,,,,,,,,,,2.173913e+00,3.689065e+00,2.173913e+00,,4.578393e+01,,,,,,,,,,,,,,,,,,,,,,,,,,,,,,,1.515152e+00,,3.030303e+00,,,7.378129e+00,1.324111e+01,6.521739e+00,4.347826e+00,5.862978e+00,5.862978e+00,4.347826e+00,5.862978e+00,5.862978e+00,4.347826e+00,,,,,,,,,,,,,,,,,,,,,,,,,,,,,,,,,,,,,,,,,,,,,,,,,,,,,,,,,,,,,,,,,,,,,,,,,,,,,,,,,,,,,,,,,,,,,,,,,,,,,,,,,,,,,,,,,,,,,,,,,,,,,,,,,,,,,,,,,,,,,,,,,,,,,,,,,,,,,,,,,,,,,4.347826e+00,2.173913e+00,,,2.173913e+00,3.689065e+00,1.455863e+01,2.476943e+01,,4.347826e+00,1.086957e+01,2.826087e+01,3.043478e+01,2.826087e+01,2.391304e+01,6.521739e+00,8.695652e+00,8.695652e+00,1.304348e+01,1.304348e+01,6.521739e+00,6.521739e+00,1.673254e+01,2.476943e+01,2.476943e+01,6.363636e+01,6.363636e+01,6.818182e+01,5.994730e+01,4.802372e+01,9.090909e+00,1.060606e+01,9.090909e+00,,,,,7.378129e+00,1.515152e+00,3.030303e+00,1.106719e+01,2.411067e+01,1.976285e+01,2.779974e+01,2.714098e+01,2.411067e+01,8.695652e+00,4.347826e+00,2.061924e+01,,,,,,,,,,,8.893280e+00,3.498024e+01,5.059288e+01,5.494071e+01,6.297760e+01,6.600790e+01,6.818182e+01,6.969697e+01,6.363636e+01,3.695652e+01,,,,,,,,,,,,,,,,,,,,3.689065e+00,5.862978e+00,4.347826e+00,1.021080e+01,2.173913e+00,2.173913e+00,,2.173913e+00,2.173913e+00,2.173913e+00,5.862978e+00,5.862978e+00,4.347826e+00,4.347826e+00,2.173913e+00,4.347826e+00,4.347826e+00,4.347826e+00,8.695652e+00,1.844532e+01,1.844532e+01,2.061924e+01,2.061924e+01,1.844532e+01,1.040843e+01,5.862978e+00,8.893280e+00,4.347826e+00,4.347826e+00,,,4.347826e+00,2.173913e+00,,3.689065e+00,1.515152e+00,2.173913e+00,1.515152e+00,1.515152e+00,1.515152e+00,6.719368e+00,1.515152e+00,3.030303e+00,3.030303e+00,1.515152e+00,,,,,,,,,2.173913e+00,1.515152e+00,,,,,1.515152e+00,2.173913e+00,2.173913e+00,,,,,,,,,,,2.173913e+00,2.173913e+00,2.173913e+00,2.173913e+00,2.173913e+00,,,,,,,,,,,2.173913e+00,4.347826e+00,4.347826e+00,,2.173913e+00,,1.515152e+00,1.515152e+00,,1.515152e+00,1.515152e+00,1.515152e+00,1.515152e+00,1.515152e+00,1.515152e+00,1.515152e+00,1.515152e+00,1.515152e+00,1.515152e+00,1.515152e+00,4.347826e+00,,,,,6.521739e+00,2.173913e+00,8.893280e+00,1.646904e+01,1.798419e+01,1.949934e+01,1.646904e+01,1.949934e+01,1.798419e+01,2.101449e+01,3.030303e+00,1.561265e+01,2.081686e+01,2.081686e+01,8.234519e+00,8.234519e+00,4.545455e+00,1.277997e+01,1.515152e+00,4.545455e+00,7.575758e+00,,,,,3.030303e+00,4.545455e+00,4.545455e+00,4.545455e+00,4.545455e+00,4.545455e+00,4.545455e+00,3.030303e+00,3.030303e+00,3.030303e+00,3.030303e+00,3.030303e+00,3.030303e+00,3.030303e+00,7.378129e+00,7.378129e+00,8.036890e+00,2.173913e+00,3.689065e+00,3.689065e+00,2.173913e+00,3.689065e+00,3.689065e+00,2.173913e+00,2.173913e+00,3.689065e+00,3.689065e+00,3.689065e+00,3.689065e+00,3.689065e+00,4.347826e+00,,,,,,,,,,,,,,,,,,,,,,,,,,,,,,,,,,,,,,,,,,,,,,,,,,,,,,,,,,,,,,,,,,,,,,,,,,,,,,,,,,,,,,,,,,,,,,,,,,,,,,,,,,,,,,,,,,,,,,,,,,,
,,,,,,,,,,,,,,,,,,,,,,,,,,,,,,,,,,,,,,,,,,,,,,,,,,,,,,,,,,,,,,,,,,,,,,,,,,,,,,,,,,,,,,,,,,,,,,,,,,,,,,,,,,,,,,,,,,,,,,,,,,,,,,,2.173913e+00,3.689065e+00,2.173913e+00,,,,,,,,,,,,,,,,,,,,,,,,,,,,,,,,,,1.515152e+00,4.545455e+00,,,9.552042e+00,1.541502e+01,6.521739e+00,4.347826e+00,5.862978e+00,4.347826e+00,5.862978e+00,5.862978e+00,6.521739e+00,6.521739e+00,,,,,,,,,,,,,1.515152e+00,1.515152e+00,,,,,,,,,,,,,,,,,,,,,,,,,,,,,,,,,,,,,,,,,,,,,,,,,,,,,,,,,,,,,,,,,,,,,,,,,,,,,,,,,,,,,,,,,,,,,,,,,,,,,,,,,,,,,,,,,,,,,,,,,,,,,,,,,,,,,,,,,,,,,,,,,,,,,,1.515152e+00,4.347826e+00,2.173913e+00,2.173913e+00,2.173913e+00,1.673254e+01,2.108037e+01,1.521739e+01,2.760211e+01,1.304348e+01,1.956522e+01,1.956522e+01,1.956522e+01,2.173913e+01,2.608696e+01,3.260870e+01,1.455863e+01,8.695652e+00,8.695652e+00,8.695652e+00,8.695652e+00,8.695652e+00,1.673254e+01,2.391304e+01,3.043478e+01,3.043478e+01,5.105402e+01,5.171278e+01,5.843215e+01,4.953886e+01,4.953886e+01,9.090909e+00,1.060606e+01,1.515152e+00,,1.515152e+00,1.515152e+00,,2.173913e+00,2.108037e+01,3.030303e+00,1.106719e+01,1.324111e+01,1.324111e+01,7.378129e+00,3.689065e+00,,,,,1.607378e+01,2.061924e+01,,,,,,,,,1.976285e+01,4.150198e+01,4.604743e+01,6.231884e+01,6.752306e+01,6.666666e+01,7.121212e+01,6.515151e+01,5.540184e+01,4.130435e+01,3.478261e+01,4.281950e+01,4.868248e+01,2.845850e+01,2.628458e+01,,,,,,8.036890e+00,5.862978e+00,8.036890e+00,8.036890e+00,2.391304e+01,,,,9.552042e+00,8.036890e+00,1.021080e+01,1.541502e+01,5.862978e+00,2.173913e+00,2.173913e+00,1.515152e+00,1.515152e+00,3.030303e+00,,2.173913e+00,2.173913e+00,2.173913e+00,,4.347826e+00,1.086957e+01,,8.695652e+00,4.347826e+00,,1.389987e+01,9.552042e+00,2.061924e+01,1.627141e+01,1.040843e+01,7.378129e+00,1.106719e+01,7.378129e+00,8.036890e+00,2.173913e+00,,4.347826e+00,2.173913e+00,,,,1.515152e+00,,,3.030303e+00,6.719368e+00,3.030303e+00,3.030303e+00,3.030303e+00,3.030303e+00,5.204216e+00,3.689065e+00,,,,,,,2.173913e+00,,,,,,,,2.173913e+00,,,,,,,,,,,,2.173913e+00,,,2.173913e+00,,,,,,,,,,2.173913e+00,2.173913e+00,2.173913e+00,,1.515152e+00,,,1.515152e+00,,3.689065e+00,,1.515152e+00,1.515152e+00,1.515152e+00,1.515152e+00,1.515152e+00,1.515152e+00,1.515152e+00,,,7.378129e+00,,4.347826e+00,4.347826e+00,1.106719e+01,,,2.173913e+00,3.689065e+00,1.798419e+01,1.949934e+01,1.949934e+01,1.949934e+01,2.252964e+01,2.101449e+01,1.798419e+01,3.030303e+00,8.234519e+00,1.712780e+01,1.930171e+01,8.234519e+00,3.623188e+01,1.712780e+01,9.090909e+00,7.575758e+00,4.545455e+00,4.545455e+00,4.545455e+00,,,1.515152e+00,3.030303e+00,4.545455e+00,4.545455e+00,4.545455e+00,4.545455e+00,4.545455e+00,4.545455e+00,4.545455e+00,3.030303e+00,3.030303e+00,3.030303e+00,3.030303e+00,3.030303e+00,8.234519e+00,6.060606e+00,1.172596e+01,1.021080e+01,3.689065e+00,3.689065e+00,5.862978e+00,5.862978e+00,6.719368e+00,3.689065e+00,,1.515152e+00,5.204216e+00,5.204216e+00,3.689065e+00,2.173913e+00,2.173913e+00,2.173913e+00,2.173913e+00,2.173913e+00,2.173913e+00,,,,,,,,,,,,,,,,,,,,,,,,,,,,,,,,,,,,,,,,,,,,,,,,,,,,,,,,,,,,,,,,,,,,,,,,,,,,,,,,,,,,,,,,,,,,,,,,,,,,,,,,,,,,,,,,,,,,,,,,
,,,,,,,,,,,,,,,,,,,,,,,,,,,,,,,,,,,,,,,,,,,,,,,,,,,,,,,,,,,,,,,,,,,,,,,,,,,,,,,,,,,,,,,,,,,,,,,,,,,,,,,,,,,,,,,,,,,,,,,,,,,,,,,,2.173913e+00,2.173913e+00,,,,,,,,,,,,,,,,,,,,,,,,,,,,,,,,,,,,,3.030303e+00,,1.541502e+01,8.695652e+00,5.862978e+00,4.347826e+00,5.862978e+00,5.862978e+00,5.862978e+00,8.036890e+00,6.521739e+00,,,,,,,,,,,,,,,,,,,,,,,,,,,,,,,,,,,,,,,,,,,,,,,,,,,,,,,,,,,,,,,,,,,,,,,,,,,,,,,,,,,,,,,,,,,,,,,,,,,,,,,,,,,,,,,,,,,,,,,,,,,,,,,,,,,,,,,,,,,,,,,,,,,,,,,,,,,,,,,,,,,,,4.347826e+00,2.173913e+00,2.173913e+00,4.347826e+00,8.036890e+00,1.455863e+01,1.238472e+01,8.036890e+00,3.478261e+01,3.260870e+01,3.478261e+01,3.478261e+01,2.608696e+01,3.478261e+01,3.695652e+01,1.238472e+01,1.455863e+01,2.193676e+01,2.845850e+01,1.086957e+01,1.956522e+01,2.608696e+01,3.260870e+01,3.913044e+01,3.478261e+01,4.802372e+01,4.802372e+01,4.130435e+01,4.499341e+01,3.478261e+01,8.893280e+00,1.060606e+01,3.030303e+00,,,1.515152e+00,1.515152e+00,,,4.545455e+00,3.030303e+00,3.030303e+00,3.030303e+00,1.515152e+00,3.030303e+00,,,,,6.521739e+00,1.758893e+01,1.976285e+01,1.304348e+01,2.411067e+01,2.411067e+01,,,,,6.719368e+00,4.150198e+01,5.191041e+01,6.666666e+01,5.388670e+01,4.953886e+01,4.367589e+01,3.043478e+01,5.408432e+01,,,,3.260870e+01,2.826087e+01,4.084322e+01,3.715415e+01,6.521739e+00,1.304348e+01,1.673254e+01,8.036890e+00,,4.347826e+00,,2.173913e+00,,3.043478e+01,8.695652e+00,5.862978e+00,5.862978e+00,1.021080e+01,9.552042e+00,1.389987e+01,2.173913e+00,2.173913e+00,3.030303e+00,1.515152e+00,,4.347826e+00,,6.521739e+00,6.521739e+00,1.086957e+01,6.521739e+00,6.521739e+00,8.695652e+00,,4.347826e+00,,,,,,9.552042e+00,3.689065e+00,7.378129e+00,7.378129e+00,8.893280e+00,8.893280e+00,5.862978e+00,5.862978e+00,2.173913e+00,,,,,3.689065e+00,1.515152e+00,1.515152e+00,5.862978e+00,6.719368e+00,3.030303e+00,3.030303e+00,3.030303e+00,3.030303e+00,3.030303e+00,6.719368e+00,3.689065e+00,,1.515152e+00,,,,2.173913e+00,,,,,,,,2.173913e+00,,,,,,,,,2.173913e+00,,1.515152e+00,2.173913e+00,,,,,,,,,,,,,2.173913e+00,2.173913e+00,,,,,2.173913e+00,,,3.689065e+00,5.862978e+00,,1.515152e+00,1.515152e+00,1.515152e+00,1.515152e+00,,,,,8.036890e+00,7.378129e+00,5.862978e+00,8.893280e+00,,,,4.545455e+00,1.192358e+01,1.798419e+01,2.101449e+01,1.798419e+01,1.495389e+01,2.101449e+01,2.101449e+01,2.101449e+01,5.204216e+00,3.102767e+01,1.343874e+01,2.516469e+01,8.234519e+00,8.234519e+00,1.040843e+01,,4.545455e+00,1.515152e+00,4.545455e+00,3.030303e+00,,1.515152e+00,1.515152e+00,3.030303e+00,3.030303e+00,3.030303e+00,4.545455e+00,3.030303e+00,4.545455e+00,4.545455e+00,4.545455e+00,3.030303e+00,3.030303e+00,3.030303e+00,3.030303e+00,3.030303e+00,3.030303e+00,3.030303e+00,7.378129e+00,8.036890e+00,5.862978e+00,7.378129e+00,7.378129e+00,8.893280e+00,8.893280e+00,3.689065e+00,,,4.545455e+00,6.719368e+00,1.515152e+00,1.515152e+00,1.515152e+00,,,,2.173913e+00,2.173913e+00,,,,,,,,,,,,,,,,,,,,,,,,,,,,,,,,,,,,,,,,,,,,,,,,,,,,,,,,,,,,,,,,,,,,,,,,,,,,,,,,,,,,,,,,,,,,,,,,,,,,,,,,,,,,,,,,,,,,,,,
,,,,,,,,,,,,,,,,,,,,,,,,,,,,,,,,,,,,,,,,,,,,,,,,,,,,,,,,,,,,,,,,,,,,,,,,,,,,,,,,,,,,,,,,,,,,,,,,,,,,,,,,,,,,,,,,,,,,,,,,,,,,,,,,,,,,,,,,,1.515152e+00,,,,,1.515152e+00,,,,,,,,,,,,,,,,,,,,3.030303e+00,3.030303e+00,3.030303e+00,4.545455e+00,3.030303e+00,3.030303e+00,2.061924e+01,1.172596e+01,8.036890e+00,5.862978e+00,1.172596e+01,1.172596e+01,6.521739e+00,1.172596e+01,6.521739e+00,2.173913e+00,2.173913e+00,,,,,,1.515152e+00,,,,1.515152e+00,,,,,,,,,,,,,,,,,,,,,,,,,,,,,,,,,,,,,,,,,,,,,,,,,,,,,,,,,,,,,,,,,,,,,,,,,,,,,,,,,,,,,,,,,,,,,,,,,,,,,,,,,,,,,,,,,,,,,,,,,,,,,,,,,,,,,,,,,,,,,,,,,,,,,,,,,2.173913e+00,4.347826e+00,4.347826e+00,6.521739e+00,4.064559e+01,4.064559e+01,8.036890e+00,5.862978e+00,,,,,,,,,2.173913e+00,,,,,,,3.043478e+01,,,,,,3.043478e+01,8.036890e+00,8.695652e+00,3.030303e+00,1.021080e+01,1.238472e+01,8.036890e+00,8.036890e+00,,,,,,,,,,,,,,,,,1.890646e+01,2.108037e+01,2.911726e+01,2.931489e+01,1.541502e+01,1.758893e+01,1.627141e+01,5.494071e+01,5.625823e+01,3.346508e+01,,,,,,,,,9.552042e+00,5.928854e+01,2.173913e+01,2.391304e+01,,,,,,,,,,,,2.173913e+00,,5.204216e+00,4.347826e+00,,2.173913e+00,,,,1.515152e+00,1.515152e+00,1.515152e+00,,,,,4.347826e+00,2.173913e+00,,,,,,,,1.515152e+00,3.689065e+00,2.173913e+00,4.347826e+00,,2.173913e+00,2.173913e+00,4.347826e+00,4.347826e+00,,,,,,,,,,,,1.515152e+00,,,,,,1.515152e+00,,,,,,2.173913e+00,,,,,,,,,,,,,,,1.515152e+00,,1.515152e+00,1.515152e+00,1.515152e+00,1.515152e+00,1.515152e+00,,,,,,,,,,,,,,,,2.173913e+00,7.378129e+00,2.173913e+00,2.173913e+00,2.173913e+00,2.173913e+00,,,,3.030303e+00,2.173913e+00,,,4.347826e+00,4.347826e+00,9.552042e+00,1.258235e+01,1.258235e+01,1.106719e+01,1.409750e+01,1.409750e+01,6.521739e+00,4.545455e+00,1.515152e+00,1.515152e+00,6.719368e+00,5.204216e+00,6.719368e+00,3.030303e+00,1.515152e+00,,4.347826e+00,2.667984e+01,5.862978e+00,7.378129e+00,4.347826e+00,4.347826e+00,,4.545455e+00,4.545455e+00,4.545455e+00,3.030303e+00,,,,,3.030303e+00,3.030303e+00,3.030303e+00,3.030303e+00,3.030303e+00,3.030303e+00,7.378129e+00,6.719368e+00,6.719368e+00,3.030303e+00,3.030303e+00,3.030303e+00,3.030303e+00,3.030303e+00,9.552042e+00,7.378129e+00,7.378129e+00,7.378129e+00,7.378129e+00,5.862978e+00,5.862978e+00,5.862978e+00,4.347826e+00,4.347826e+00,4.347826e+00,8.695652e+00,,,,,,2.173913e+00,2.173913e+00,2.173913e+00,,2.173913e+00,,,,,,,,,,,,,,,,,,,,,,,,,,,,,,,,,,,,,,,,,,,,,,,,,,,,,,,,,,,,,,,,,,,,,,,,,,,,,,,,,,,,,,,,,,,,,,,,,,,,,,,,,,,,,,,,,,,,,
,,,,,,,,,,,,,,,,,,,,,,,,,,,,,,,,,,,,,,,,,,,,,,,,,,,,,,,,,,,,,,,,,,,,,,,,,,,,,,,,,,,,,,,,,,,,,,,,,,,,,,,,,,,,,,,,,,,,,,,,,,,,,,,,,,,,,,,,1.515152e+00,1.515152e+00,1.515152e+00,,,,,,,,,,,,,,,,,,,,2.173913e+00,,2.173913e+00,2.173913e+00,1.515152e+00,1.515152e+00,3.030303e+00,3.030303e+00,3.030303e+00,3.030303e+00,3.030303e+00,1.515152e+00,,3.689065e+00,3.689065e+00,,1.515152e+00,2.173913e+00,,,,,,,,,,,,,,,,,,,,,,,,,,,,,,,,,,,,,,,,,,,,,,,,,,,,,,,,,,,,,,,,,,,,,,,,,,,,,,,,,,,,,,,,,,,,,,,,,,,,,,,,,,,,,,,,,,,,,,,,,,,,,,,,,,,,,,,,,,,,,,,,,,,,,,,,,,,,,,,,,,,,,2.173913e+00,,4.347826e+00,,,,,,,,,,,,,,,,,,,,,,,,,,,3.412385e+01,3.412385e+01,3.478261e+01,2.259552e+01,3.260870e+01,3.998682e+01,3.781291e+01,3.998682e+01,3.030303e+00,,,,2.173913e+00,2.173913e+00,4.545455e+00,7.575758e+00,,,,,,,,,,,,,,,,2.173913e+00,3.043478e+01,1.086957e+01,3.043478e+01,,,,,,,,,,,,2.173913e+00,1.693017e+01,,,,,,,,,,,,,4.347826e+00,2.476943e+01,,,,,,1.021080e+01,1.021080e+01,9.552042e+00,,,,,,,,,,,,3.689065e+00,5.204216e+00,3.689065e+00,3.689065e+00,,,,,,,,2.173913e+00,,,,,,,,,,,,,1.515152e+00,,,,5.204216e+00,,,,,,,,,,,,,,,,,,,,,3.030303e+00,3.030303e+00,3.030303e+00,3.030303e+00,3.030303e+00,3.030303e+00,3.030303e+00,,2.173913e+00,2.173913e+00,2.173913e+00,2.173913e+00,2.173913e+00,,,,,,,,,,1.515152e+00,2.173913e+00,2.173913e+00,2.173913e+00,2.173913e+00,,,,,,1.515152e+00,,,,4.347826e+00,6.521739e+00,4.347826e+00,4.347826e+00,8.036890e+00,,4.347826e+00,,1.515152e+00,1.515152e+00,7.378129e+00,1.515152e+00,1.192358e+01,1.515152e+00,8.893280e+00,,8.893280e+00,4.347826e+00,2.450593e+01,1.106719e+01,4.347826e+00,4.347826e+00,4.347826e+00,4.347826e+00,8.893280e+00,8.893280e+00,1.515152e+00,3.030303e+00,1.515152e+00,,,,,3.030303e+00,3.030303e+00,4.545455e+00,6.719368e+00,,7.378129e+00,1.192358e+01,5.204216e+00,3.030303e+00,3.030303e+00,3.030303e+00,3.030303e+00,5.204216e+00,9.552042e+00,8.695652e+00,6.521739e+00,6.521739e+00,6.521739e+00,6.521739e+00,4.347826e+00,6.521739e+00,8.695652e+00,4.347826e+00,8.695652e+00,8.695652e+00,2.173913e+00,,,,2.173913e+00,4.347826e+00,,4.347826e+00,2.173913e+00,2.173913e+00,4.347826e+00,,,,,,,,,,,,,,,,,,,,,,,,,,,,,,,,,,,,,,,,,,,,,,,,,,,,,,,,,,,,,,,,,,,,,,,,,,,,,,,,,,,,,,,,,,,,,,,,,,,,,,,,,,,,,,,,,,,,
,,,,,,,,,,,,,,,,,,,,,,,,,,,,,,,,,,,,,,,,,,,,,,,,,,,,,,,,,,,,,,,,,,,,,,,,,,,,,,,,,,,,,,,,,,,,,,,,,,,,,,,,,,,,,,,,,,,,,,,,,,,,,,,,,,,,,,,,,1.515152e+00,1.515152e+00,,,,,,,,,,,,,,,,,,,2.173913e+00,,2.173913e+00,,,,,,3.030303e+00,5.862978e+00,3.030303e+00,3.030303e+00,,,,,,,,,,,,,,,,,,,,,,,,,,,,,,,,,,,,,,,,,,,,,,,,,,,,,,,,,,,,,,,,,,,,,,,,,,,,,,,,,,,,,,,,,,,,,,,,,,,,,,,,,,,,,,,,,,,,,,,,,,,,,,,,,,,,,,,,,,,,,,,,,,,,,,,,,,,,,,,,,,,,,,,,,,,2.173913e+00,3.689065e+00,,,,,,,,,,,,,,,,,,,,,,,,,,,,3.629776e+01,3.412385e+01,3.412385e+01,3.478261e+01,2.911726e+01,3.695652e+01,4.367589e+01,3.030303e+00,3.030303e+00,3.030303e+00,,,6.521739e+00,6.521739e+00,7.378129e+00,3.689065e+00,3.030303e+00,4.545455e+00,,,,,,,,,,,,,,2.173913e+00,,,,,,,1.021080e+01,2.193676e+01,5.757576e+01,2.391304e+01,6.521739e+00,,,,,,,,,,,,,,,,,,8.036890e+00,,1.455863e+01,,,,,,1.324111e+01,8.036890e+00,5.204216e+00,1.106719e+01,1.106719e+01,1.106719e+01,8.036890e+00,4.347826e+00,2.173913e+00,,4.347826e+00,,,,1.515152e+00,3.689065e+00,3.689065e+00,5.204216e+00,2.173913e+00,,,,,,,2.173913e+00,2.173913e+00,,,,,,,,,,,,,,1.515152e+00,,,,1.515152e+00,,,,,,,,,,,,,,,3.030303e+00,3.030303e+00,3.030303e+00,,1.515152e+00,3.030303e+00,1.515152e+00,1.515152e+00,3.030303e+00,3.030303e+00,1.515152e+00,,2.173913e+00,2.173913e+00,2.173913e+00,2.173913e+00,2.173913e+00,2.173913e+00,,,,,,,,,,,2.173913e+00,2.173913e+00,3.689065e+00,2.173913e+00,,,,,,,,,,2.173913e+00,,,,,,,,,,,6.719368e+00,,,,,,,4.347826e+00,4.347826e+00,1.561265e+01,4.347826e+00,4.347826e+00,4.545455e+00,,3.030303e+00,3.030303e+00,1.515152e+00,,,,,4.545455e+00,4.545455e+00,4.545455e+00,,,3.030303e+00,5.204216e+00,5.204216e+00,5.204216e+00,3.030303e+00,8.234519e+00,6.719368e+00,6.719368e+00,8.036890e+00,6.521739e+00,4.347826e+00,8.036890e+00,6.521739e+00,4.347826e+00,4.347826e+00,2.173913e+00,,,,8.695652e+00,6.521739e+00,,,,,,,,2.173913e+00,2.173913e+00,2.173913e+00,,,,,,,,,,,,,,,,,,,,,,,,,,,,,,,,,,,,,,,,,,,,,,,,,,,,,,,,,,,,,,,,,,,,,,,,,,,,,,,,,,,,,,,,,,,,,,,,,,,,,,,,,,,,,,,,,,,,
,,,,,,,,,,,,,,,,,,,,,,,,,,,,,,,,,,,,,,,,,,,,,,,,,,,,,,,,,,,,,,,,,,,,,,,,,,,,,,,,,,,,,,,,,,,,,,,,,,,,,,,,,,,,,,,,,,,,,,,,,,,,,,,,,,,,,,,,,1.515152e+00,1.515152e+00,,,,,,,,2.173913e+00,,,,,,,,,,,2.173913e+00,2.173913e+00,,,2.173913e+00,,,,,1.515152e+00,1.515152e+00,3.030303e+00,,,,,,,,,,,,,,,,,,,,,,,,,,,,,,,,,,,,,,,,,,,,,,,,,,,,,,,,,,,,,,,,,,,,,,,,,,,,,,,,,,,,,,,,,,,,,,,,,,,,,,,,,,,,,,,,,,,,,,,,,,,,,,,,,,,,,,,,,,,,,,,,,,,,,,,,,,,,2.173913e+00,,,,,,,,,,,,,,5.125165e+01,5.125165e+01,4.038208e+01,4.347826e+00,,1.521739e+01,1.304348e+01,1.304348e+01,1.739130e+01,1.739130e+01,6.521739e+00,,,,,,,,,,,,,,,,3.214756e+01,,,,,3.563900e+01,3.629776e+01,3.478261e+01,1.824769e+01,3.030303e+00,3.030303e+00,3.030303e+00,3.030303e+00,3.030303e+00,,,,,,,4.545455e+00,4.545455e+00,,,,,,,,,,,,,,4.545455e+00,,,,,,2.173913e+00,8.695652e+00,2.411067e+01,5.105402e+01,1.739130e+01,6.521739e+00,,,,,,,,,,,,,,,8.333333e+01,,,,,,,,,1.304348e+01,,3.030303e+00,1.258235e+01,9.552042e+00,3.689065e+00,1.106719e+01,1.106719e+01,1.258235e+01,1.258235e+01,1.258235e+01,4.347826e+00,5.862978e+00,5.862978e+00,1.515152e+00,,,,5.204216e+00,3.689065e+00,2.173913e+00,1.515152e+00,,,,,,,2.173913e+00,,,,,,,,,,,,,,1.515152e+00,2.173913e+00,1.515152e+00,,1.515152e+00,1.515152e+00,,,,,,,,,,,,,,3.030303e+00,3.030303e+00,3.030303e+00,,1.515152e+00,1.515152e+00,3.030303e+00,4.545455e+00,1.515152e+00,3.030303e+00,3.030303e+00,,2.173913e+00,2.173913e+00,2.173913e+00,4.347826e+00,5.862978e+00,2.173913e+00,,,,,,,,,,3.030303e+00,3.030303e+00,1.515152e+00,3.030303e+00,7.378129e+00,5.862978e+00,4.347826e+00,,,,4.347826e+00,,,,,,,,,1.515152e+00,1.515152e+00,,,,1.515152e+00,,,,,,,,,,2.015810e+01,5.862978e+00,4.347826e+00,3.030303e+00,,3.030303e+00,,1.515152e+00,1.515152e+00,,,4.545455e+00,,,,,,3.030303e+00,3.030303e+00,6.719368e+00,6.719368e+00,3.030303e+00,6.719368e+00,8.234519e+00,1.515152e+00,3.689065e+00,2.173913e+00,4.347826e+00,4.347826e+00,4.347826e+00,4.347826e+00,2.173913e+00,2.173913e+00,,,2.173913e+00,6.521739e+00,2.173913e+00,,,,,,,,,,,,,,,,,,,,,,,,,,,,,,,,,,,,,,,,,,,,,,,,,,,,,,,,,,,,,,,,,,,,,,,,,,,,,,,,,,,,,,,,,,,,,,,,,,,,,,,,,,,,,,,,,,,,,,,,,,,,,,
,,,,,,,,,,,,,,,,,,,,,,,,,,,,,,,,,,,,,,,,,,,,,,,,,,,,,,,,,,,,,,,,,,,,,,,,,,,,,,,,,,,,,,,,,,,,,,,,,,,,,,,,,,,,,,,,,,,,,,,,,,,,,,,,,,,,1.515152e+00,1.515152e+00,,,,1.515152e+00,1.515152e+00,,,,,,,,,,,,,,,,,,,,,,,,,2.173913e+00,,,,,,,,,,,,,,,,,,,,,,,,,,,,,,,,,,,,,,,,,,,,,,,,,,,,,,,,,,,,,,,,,,,,,,,,,,,,,,,,,,,,,,,,,,,,,,,,,,,,,,,,,,,,,,,,,,,,,,,,,,,,,,,,,,,,,,,,,,,,,,,,,,,,,,,,,,,,,,,,,,,,,,,,,,,,,,2.173913e+00,,,,,,,,,,,,,,,,,,,,,,,,,,1.304348e+01,3.214756e+01,,,,,,,,,,,2.345191e+01,2.127800e+01,,,,,2.621871e+01,2.470356e+01,3.076416e+01,4.486166e+01,,,,,,,,,,,,,,,2.108037e+01,,,,,,,,,1.409750e+01,1.515152e+00,,,,,,,,,,,,,,,,,,,,,,,4.347826e+00,2.173913e+00,,,,,1.389987e+01,1.607378e+01,1.910408e+01,1.758893e+01,1.758893e+01,1.758893e+01,1.758893e+01,1.515152e+00,4.347826e+00,,,,,,,2.173913e+00,,,,,,,,,,2.173913e+00,,,,,,,1.515152e+00,1.515152e+00,,,1.515152e+00,1.515152e+00,,,,,2.173913e+00,,,,,,,,,,,,,,,1.515152e+00,1.515152e+00,1.515152e+00,,4.545455e+00,3.030303e+00,1.515152e+00,,,,,,,,,,,,,,,,,,,,,,,,2.173913e+00,3.689065e+00,3.689065e+00,1.515152e+00,,,,,,,,,3.030303e+00,,6.060606e+00,2.173913e+00,,,2.173913e+00,,,3.030303e+00,,,,,,,,,,,3.030303e+00,3.030303e+00,8.893280e+00,1.541502e+01,8.893280e+00,,,,,8.893280e+00,1.106719e+01,1.106719e+01,3.030303e+00,9.552042e+00,5.204216e+00,1.258235e+01,1.627141e+01,1.324111e+01,1.106719e+01,8.036890e+00,5.204216e+00,3.689065e+00,1.515152e+00,,2.173913e+00,2.173913e+00,2.173913e+00,4.347826e+00,4.347826e+00,4.347826e+00,2.173913e+00,,,2.173913e+00,,,,,,,,,,,,,,,,,,,,,,,,,,,,,,,,,,,,,,,,,,,,,,,,,,,,,,,,,,,,,,,,,,,,,,,,,,,,,,,,,,,,,,,,,,,,,,,,,,,,,,,,,,,,,,,,,,,,,,,,,,,,,,,,,
,,,,,,,,,,,,,,,,,,,,,,,,,,,,,,,,,,,,,,,,,,,,,,,,,,,,,,,,,,,,,,,,,,,,,,,,,,,,,,,,,,,,,,,,,,,,,,,,,,,,,,,,,,,,,,,,,,,,,,,,,,,,,,,,,,1.515152e+00,,1.515152e+00,1.515152e+00,1.515152e+00,,,,,,,,1.515152e+00,1.515152e+00,1.515152e+00,,,,,,,,,,,,,,,,,,,,,,,,,,,,,,,,,,,,,,,,,,,,,,,,,,,,,,,,,,,,,,,,,,,,,,,,,,,,,,,,,,,,,,,,,,,,,,,,,,,,,,,,,,,,,,,,,,,,,,,,,,,,,,,,,,,,,,,,,,,,,,,,,,,,,,,,,,,,,,,,,,,,,,,,,,,,,,,,,,,,,,,,,,,,,,,,,,,,,,,,,,,,,,,,,,,,,,,,,,,1.086957e+01,,,,,,,,,,2.865613e+01,2.865613e+01,2.714098e+01,2.496706e+01,,,7.575758e+00,4.545455e+00,3.227932e+01,3.076416e+01,2.924901e+01,3.076416e+01,,,,,,,,,,8.695652e+00,,,,,,,,,,,,,,,,1.515152e+00,,,,,,,,,,,,,,,,,,,,,,2.173913e+00,2.173913e+00,2.173913e+00,2.173913e+00,,,1.238472e+01,1.238472e+01,1.607378e+01,1.824769e+01,1.976285e+01,4.347826e+00,5.862978e+00,1.541502e+01,8.695652e+00,,,,,2.173913e+00,,,,,,,,,,,,,2.173913e+00,2.173913e+00,2.173913e+00,2.173913e+00,2.173913e+00,3.030303e+00,3.030303e+00,1.515152e+00,1.515152e+00,,1.515152e+00,,2.173913e+00,,,,,1.515152e+00,,,,,,,,,,1.515152e+00,1.515152e+00,1.515152e+00,1.515152e+00,1.515152e+00,1.515152e+00,1.515152e+00,3.030303e+00,,,,,,,,,,,,,,,,,,,,,,,,,,,,1.515152e+00,,,,,,,,,,,,,,,,,,1.515152e+00,,,,,,,,,,,,,,3.030303e+00,6.719368e+00,8.893280e+00,8.893280e+00,,,2.173913e+00,,4.545455e+00,,2.061924e+01,1.541502e+01,1.758893e+01,1.172596e+01,1.475626e+01,1.409750e+01,5.862978e+00,5.862978e+00,2.173913e+00,2.173913e+00,2.173913e+00,,4.347826e+00,2.173913e+00,2.173913e+00,2.173913e+00,4.347826e+00,2.173913e+00,2.173913e+00,2.173913e+00,,,,,,,,,,,,2.173913e+00,2.173913e+00,,,,,,,,,,,,,,,,,,,,,,,,,,,,,,,,,,,,,,,,,,,,,,,,,,,,,,,,,,,,,,,,,,,,,,,,,,,,,,,,,,,,,,,,,,,,,,,,,,,,,,,,,,,,,,,,,,,,,,,
,,,,,,,,,,,,,,,,,,,,,,,,,,,,,,,,,,,,,,,,,,,,,,,,,,,,,,,,,,,,,,,,,,,,,,,,,,,,,,,,,,,,,,,,,,,,,,,,,,,,,,,,,,,,,,,,,,,,,,,,,,,,,,,,,,,1.515152e+00,1.515152e+00,1.515152e+00,5.862978e+00,1.515152e+00,,,,,,,,1.515152e+00,,,5.204216e+00,,,,,,,,,,,,,,,,,,,,,,,,,,,,,,,,,,,,,,,,,,,,,,,,,,,,,,,,,,,,,,,,,,,,,,,,,,,,,,,,,,,,,,,,,,,,,,,,,,,,,,,,,,,,,,,,,,,,,,,,,,,,,,,,,,,,,,,,,,,,,,,,,,,,,,,,,,,,,,,,,,,,,,,,,,,,,,,,,,,,,,,,,,,,,,,,,,,,,,,,,,,2.173913e+00,2.173913e+00,,,,,,,,,,,,,,,,,,,,,,,6.719368e+00,6.719368e+00,1.040843e+01,,,,4.472991e+01,2.628458e+01,2.628458e+01,2.345191e+01,3.227932e+01,3.945982e+01,6.923584e+01,,,,,,,,,,,,,,,,,,,,,,,,,,,,,,,,,,,,5.862978e+00,,,,,,,,,,,1.515152e+00,,,2.173913e+00,,,8.695652e+00,6.521739e+00,4.347826e+00,,2.173913e+00,1.021080e+01,7.378129e+00,1.541502e+01,,,4.347826e+00,,,,,2.173913e+00,,,,,,,,,,,,,4.347826e+00,2.173913e+00,,3.030303e+00,3.030303e+00,1.515152e+00,1.515152e+00,4.347826e+00,1.515152e+00,,,,,,1.515152e+00,,,,,,,,,,,1.515152e+00,1.515152e+00,1.515152e+00,1.515152e+00,1.515152e+00,1.515152e+00,,3.030303e+00,,,,,3.689065e+00,1.515152e+00,,,,,,,,,,,,,,,,,,,,,,,,3.689065e+00,,,,,,,,,,,,,,,,,,,,,,,,,,,,,,,6.719368e+00,2.173913e+00,2.173913e+00,,,,6.719368e+00,3.030303e+00,,2.213439e+01,1.238472e+01,1.389987e+01,1.475626e+01,1.258235e+01,1.409750e+01,4.347826e+00,4.347826e+00,4.347826e+00,4.347826e+00,4.347826e+00,4.347826e+00,2.173913e+00,2.173913e+00,2.173913e+00,4.347826e+00,2.173913e+00,2.173913e+00,2.173913e+00,2.173913e+00,,,,,,,,,,,,2.173913e+00,,,,,,,,,,,,,,,,,,,,,,,,,,,,,,,,,,,,,,,,,,,,,,,,,,,,,,,,,,,,,,,,,,,,,,,,,,,,,,,,,,,,,,,,,,,,,,,,,,,,,,,,,,,,,,,,,,,,,,,,
,,,,,,,,,,,,,,,,,,,,,,,,,,,,,,,,,,,,,,,,,,,,,,,,,,,,,,,,,,,,,,,,,,,,,,,,,,,,,,,,,,,,,,,,,,,,,,,,,,,,,,,,,,,,,,,,,,,,,,,,,,,,,,,,,,,,,,1.515152e+00,3.689065e+00,1.515152e+00,,,,,,1.515152e+00,1.515152e+00,1.515152e+00,3.689065e+00,9.552042e+00,5.862978e+00,,,,,,,,,,,,,,,,,,,,,,,,,,,,,,,,,,,,,,,,,,,,,,,,,,,,,,,,,,,,,,,,,,,,,,,,,,,,,,,,,,,,,,,,,,,,,,,,,,,,,,,,,,,,,,,,,,,,,,,,,,,,,,,,,,,,,,,,,,,,,,,,,,,,,,,,,,,,,,,,,,,,,,,,,,,,,,,,,,,,,,,,,,,,,,,,,,,,,,,,,,,,,,,,,,,,,,,,,,,,,,,,,,4.347826e+00,,2.173913e+00,,,,,,7.575758e+00,1.646904e+01,4.769434e+01,7.812912e+01,7.595520e+01,,,,,,,,,,,,,,,,,,,,,,,,,,,,,,,,,,,,5.862978e+00,,,,,,,,,,,1.363636e+01,4.545455e+00,,5.204216e+00,2.173913e+00,,6.521739e+00,4.347826e+00,2.173913e+00,2.173913e+00,4.347826e+00,6.521739e+00,2.173913e+00,,,,4.347826e+00,,,,,,,,,,,,,,,,,,,4.347826e+00,4.347826e+00,5.862978e+00,,3.689065e+00,,,,,,,,,,,,,,,,,,,,,1.515152e+00,1.515152e+00,1.515152e+00,1.515152e+00,1.515152e+00,,,,,,,,,,,,,,,,,,,,,,,,,,,,,,,,,,,,,,,,,,,,,,,,,,,,,,,,,,,,,,2.173913e+00,,,,,,,6.719368e+00,3.030303e+00,,2.173913e+00,1.021080e+01,1.693017e+01,1.106719e+01,1.258235e+01,9.552042e+00,2.173913e+00,4.347826e+00,4.347826e+00,4.347826e+00,4.347826e+00,,,4.347826e+00,2.173913e+00,2.173913e+00,2.173913e+00,4.347826e+00,2.173913e+00,2.173913e+00,2.173913e+00,,,,,,,,,2.173913e+00,,2.173913e+00,,,,,,,,,,,,,,,,,,,,,,,,,,,,,,,,,,,,,,,,,,,,,,,,,,,,,,,,,,,,,,,,,,,,,,,,,,,,,,,,,,,,,,,,,,,,,,,,,,,,,,,,,,,,,,,,,,,,,,,,
,,,,,,,,,,,,,,,,,,,,,,,,,,,,,,,,,,,,,,,,,,,,,,,,,,,,,,,,,,,,,,,,,,,,,,,,,,,,,,,,,,,,,,,,,,,,,,,,,,,,,,,,,,,,,,,,,,,,,,,,,,,,,,,,,,,,,,,3.689065e+00,1.515152e+00,,,,,2.173913e+00,2.173913e+00,4.347826e+00,2.173913e+00,2.173913e+00,,2.173913e+00,2.173913e+00,,,,,,,,,,,,,,,,,,,,,,,,,,,,,,,,,,,,,,,,,,,,,,,,,,,,,,,,,,,,,,,,,,,,,,,,,,,,,,,,,,,,,,,,,,,,,,,,,,,,,,,,,,,,,,,,,,,,,,,,,,,,,,,,,,,,,,,,,,,,,,,,,,,,,,,,,,,,,,,,,,,,,,,,,,,,,,,,,,,,,,,,,,,,,,,,,,,,,,,,,,,,,,,,,,,,,,,,,,,,,,,,,,,,,,,,,1.212121e+01,1.212121e+01,,,,,,,,,3.530962e+01,,,,,,,,,,,,,,,,,,,,,,,,,,4.499341e+01,,,,,,4.657444e+01,,1.515152e+00,,,,,,,,1.060606e+01,1.060606e+01,7.575758e+00,,,1.607378e+01,9.749670e+00,2.753623e+01,9.749670e+00,5.204216e+00,5.204216e+00,3.030303e+00,,,,,,,,,7.378129e+00,,,4.347826e+00,4.347826e+00,8.695652e+00,8.695652e+00,,3.689065e+00,,,,,,,,,,,,,,,,,,,,,,,1.778656e+01,1.996047e+01,1.844532e+01,1.844532e+01,1.475626e+01,1.515152e+00,1.515152e+00,4.545455e+00,4.545455e+00,4.545455e+00,3.030303e+00,3.030303e+00,3.030303e+00,3.030303e+00,,,,,,,,,,,,,,,,,,,,,,,,,,,,,,,7.575758e+00,4.545455e+00,4.545455e+00,4.545455e+00,4.545455e+00,3.030303e+00,3.030303e+00,1.515152e+00,1.515152e+00,1.515152e+00,1.515152e+00,1.515152e+00,1.515152e+00,1.515152e+00,,,,1.515152e+00,1.515152e+00,1.515152e+00,1.515152e+00,1.515152e+00,1.515152e+00,,,,,,2.173913e+00,2.173913e+00,,,,3.030303e+00,3.030303e+00,6.060606e+00,3.030303e+00,6.060606e+00,,,1.515152e+00,7.575758e+00,6.719368e+00,3.689065e+00,5.204216e+00,3.030303e+00,5.204216e+00,4.545455e+00,6.719368e+00,8.893280e+00,1.515152e+00,,,,,,,,,,,2.173913e+00,,,,,,,,2.173913e+00,2.173913e+00,,,,,,,,,,,,,,,,,,,,,,,,,,,,,,,,,,,,,,,,,,,,,,,,,,,,,,,,,,,,,,,,,,,,,,,,,,,,,,,,,,,,,,,,,,,,,,,,,,,,,,,,,,,,,,,,,,,,,,,,,
,,,,,,,,,,,,,,,,,,,,,,,,,,,,,,,,,,,,,,,,,,,,,,,,,,,,,,,,,,,,,,,,,,,,,,,,,,,,,,,,,,,,,,,,,,,,,,,,,,,,,,,,,,,,,,,,,,,,,,,,,,,,,,,,,,,,,,,,,,,,,2.173913e+00,2.173913e+00,2.173913e+00,,2.173913e+00,2.173913e+00,,2.173913e+00,,,,,,,,,,,,,,,,,,,,,,,,,,,,,,,,,,,,,,,,,,,,,,,,,,,,,,,,,,,,,,,,,,,,,,,,,,,,,,,,,,,,,,,,,,,,,,,,,,,,,,,,,,,,,,,,,,,,,,,,,,,,,,,,,,,,,,,,,,,,,,,,,,,,,,,,,,,,,,,,,,,,,,,,,,,,,,,,,,,,,,,,,,,,,,,,,,,,,,,,,,,,,,,,,,,,,,,,,,,,,,,,,,,,,,,,,,4.545455e+00,1.515152e+00,4.545455e+00,,,9.393939e+01,6.739130e+01,5.652174e+01,,,,,,,,,,,5.757576e+01,,,,,,,,,,5.171278e+01,,,,,,,,,,,,,3.530962e+01,,3.030303e+00,,,,,,,,1.363636e+01,1.363636e+01,1.060606e+01,1.060606e+01,,3.030303e+00,3.623188e+01,4.209486e+01,2.602108e+01,2.753623e+01,2.450593e+01,9.749670e+00,5.204216e+00,,,,,,1.515152e+00,1.515152e+00,,,,,2.173913e+00,4.347826e+00,,,,3.689065e+00,,,,,,,,,,,,,,8.036890e+00,,,,,,,8.234519e+00,2.753623e+01,1.844532e+01,1.844532e+01,1.996047e+01,1.778656e+01,8.234519e+00,9.090909e+00,,4.545455e+00,3.030303e+00,4.545455e+00,1.515152e+00,4.545455e+00,3.030303e+00,,,,,,,,,,,,,,,,,,,,,,,,3.030303e+00,,,,,,,9.090909e+00,4.545455e+00,3.030303e+00,3.030303e+00,3.030303e+00,4.545455e+00,1.515152e+00,1.515152e+00,,1.515152e+00,1.515152e+00,1.515152e+00,1.515152e+00,1.515152e+00,1.515152e+00,1.515152e+00,1.515152e+00,1.515152e+00,3.689065e+00,1.515152e+00,1.515152e+00,1.515152e+00,1.515152e+00,,,,,,,2.173913e+00,,,,,3.030303e+00,,3.030303e+00,,1.515152e+00,,9.749670e+00,9.749670e+00,5.204216e+00,3.689065e+00,5.204216e+00,4.545455e+00,1.515152e+00,3.030303e+00,4.545455e+00,4.545455e+00,1.515152e+00,,,,,,,,,,,2.173913e+00,,,,,,,2.173913e+00,2.173913e+00,2.173913e+00,,,,,,,,,,,,,,,,,,,,,,,,,,,,,,,,,,,,,,,,,,,,,,,,,,,,,,,,,,,,,,,,,,,,,,,,,,,,,,,,,,,,,,,,,,,,,,,,,,,,,,,,,,,,,,,,,,,,,,,,,
,,,,,,,,,,,,,,,,,,,,,,,,,,,,,,,,,,,,,,,,,,,,,,,,,,,,,,,,,,,,,,,,,,,,,,,,,,,,,,,,,,,,,,,,,,,,,,,,,,,,,,,,,,,,,,,,,,,,,,,,,,,,,,,,,,,,,,,,,1.515152e+00,,,,,,2.173913e+00,2.173913e+00,2.173913e+00,2.173913e+00,2.173913e+00,2.173913e+00,,,,,,,,,,,,,,,,,,,,,,,,,,,,,,,,,,,,,,,,,,,,,,,,,,,,,,,,,,,,,,,,,,,,,,,,,,,,,,,,,,,,,,,,,,,,,,,,,,,,,,,,,,,,,,,,,,,,,,,,,,,,,,,,,,,,,,,,,,,,,,,,,,,,,,,,,,,,,,,,,,,,,,,,,,,,,,,,,,,,,,,,,,,2.173913e+00,,,,,,,,,,,,,,,,,,,,,,,,,,,,,,,,,,,,2.042161e+01,,,,3.366271e+01,3.801054e+01,3.366271e+01,,7.575758e+00,,9.090909e+00,3.030303e+00,1.515152e+00,1.515152e+00,,,5.046113e+01,8.234519e+00,,,,,,,,,,,8.333333e+01,1.000000e+02,,,,,,,,,,,4.130435e+01,,,,,,,,,,,,,,1.238472e+01,,,,,,,,,1.363636e+01,1.060606e+01,7.575758e+00,9.090909e+00,3.030303e+00,3.188406e+01,4.275362e+01,3.906456e+01,3.036891e+01,3.188406e+01,2.536232e+01,2.015810e+01,,,,,,1.515152e+00,,,,4.347826e+00,,2.173913e+00,,,,,,,,,,,,,,,,,,,,,,,,,,2.015810e+01,3.056654e+01,,1.996047e+01,,,,,,,4.545455e+00,4.545455e+00,1.515152e+00,3.030303e+00,3.030303e+00,,,,,,,,,,,,,,,,,,,,,,,,,,,,,,,9.090909e+00,6.060606e+00,1.515152e+00,3.030303e+00,3.030303e+00,3.030303e+00,3.030303e+00,1.515152e+00,,,,1.515152e+00,1.515152e+00,1.515152e+00,,1.515152e+00,1.515152e+00,1.515152e+00,1.515152e+00,1.515152e+00,1.515152e+00,1.515152e+00,1.515152e+00,,,,,,,,,,,,3.030303e+00,3.030303e+00,3.030303e+00,3.030303e+00,4.545455e+00,1.515152e+00,1.515152e+00,2.173913e+00,3.030303e+00,3.689065e+00,5.204216e+00,5.204216e+00,1.515152e+00,1.515152e+00,1.515152e+00,1.515152e+00,,,,,,,,,,,,,,,,,,,2.173913e+00,2.173913e+00,2.173913e+00,,,,,,,,,,,,,,,,,,,,,,,,,,,,,,,,,,,,,,,,,,,,,,,,,,,,,,,,,,,,,,,,,,,,,,,,,,,,,,,,,,,,,,,,,,,,,,,,,,,,,,,,,,,,,,,,,,,,,,,,,
,,,,,,,,,,,,,,,,,,,,,,,,,,,,,,,,,,,,,,,,,,,,,,,,,,,,,,,,,,,,,,,,,,,,,,,,,,,,,,,,,,,,,,,,,,,,,,,,,,,,,,,,,,,,,,,,,,,,,,,,,,,,,,,,,,,,,,,,,,,,,,,,,2.173913e+00,2.173913e+00,2.173913e+00,,,,,,,,,,,,,,,,,,,,,,,,,,,,,,,,,,,,,,,,,,,,,,,,,,,,,,,,,,,,,,,,,,,,,,,,,,,,,,,,,,,,,,,,,,,,,,,,,,,,,,,,,,,,,,,,,,,,,,,,,,,,,,,,,,,,,,,,,,,,,,,,,,,,,,,,,,,,,,,,,,,,,,,,,,,,,,,,,,,,,,,,,,,,,,,,,,,,,,,,,,,,,,,,,,,,,,,,2.173913e+01,,,,,,,,2.042161e+01,,,2.931489e+01,,,,,4.545455e+00,4.545455e+00,4.545455e+00,,,,,,3.985507e+01,3.985507e+01,,,,,,,,,9.545454e+01,9.545454e+01,8.939394e+01,1.000000e+02,7.272727e+01,1.739130e+01,,,,,,,,,4.130435e+01,,,,,,,,,,,,,,1.389987e+01,,,,,,,,,1.363636e+01,3.030303e+00,,,,4.189723e+01,4.907773e+01,4.690382e+01,4.255599e+01,6.100132e+01,6.100132e+01,6.100132e+01,,,,,,,,,,,,3.043478e+01,3.478261e+01,,,2.193676e+01,1.515152e+00,,,,,,,,,,,,,,,,,,,,,,,,,,,,,,,,,1.515152e+00,1.515152e+00,,,,,,,,,,,,,,,,,,,,,,,,,,,,,,,,1.040843e+01,6.060606e+00,4.545455e+00,4.545455e+00,4.545455e+00,4.545455e+00,4.545455e+00,1.515152e+00,,,,,1.515152e+00,1.515152e+00,1.515152e+00,1.515152e+00,1.515152e+00,1.515152e+00,1.515152e+00,1.515152e+00,1.515152e+00,1.515152e+00,,,,,,,,,3.030303e+00,3.030303e+00,3.030303e+00,3.030303e+00,3.030303e+00,5.204216e+00,8.234519e+00,8.234519e+00,1.515152e+00,,4.545455e+00,4.545455e+00,4.545455e+00,4.545455e+00,4.545455e+00,4.545455e+00,1.515152e+00,1.515152e+00,1.515152e+00,1.515152e+00,1.515152e+00,1.515152e+00,1.515152e+00,,,,,,,,,,,,,,,,2.173913e+00,,,,,,4.347826e+00,,,,,,,,,,,,,,,,,,,,,,,,,,,,,,,,,,,,,,,,,,,,,,,,,,,,,,,,,,,,,,,,,,,,,,,,,,,,,,,,,,,,,,,,,,,,,,,,,,,,,,,,,,,,,,,,,,,,,
,,,,,,,,,,,,,,,,,,,,,,,,,,,,,,,,,,,,,,,,,,,,,,,,,,,,,,,,,,,,,,,,,,,,,,,,,,,,,,,,,,,,,,,,,,,,,,,,,,,,,,,,,,,,,,,,,,,,,,,,,,,,,,,,,,,,,,,,,,,,,,,,,2.173913e+00,,,2.173913e+00,,,,,,,,,,,,,,,,,,,,,,,,,,,,,,,,,,,,,,,,,,,,,,,,,,,,,,,,,,,,,,,,,,,,,,,,,,,,,,,,,,,,,,,,,,,,,,,,,,,,,,,,,,,,,,,,,,,,,,,,,,,,,,,,,,,,,,,,,,,,,,,,,,,,,,,,,,,,,,,,,,,,,,,,,,,,,,,,,,,,,,,,,,,,,,,,,,,,,,,,,,,,,8.893280e+00,1.693017e+01,,,,,,,,,,,2.173913e+01,2.173913e+01,2.173913e+01,2.608696e+01,2.173913e+01,1.739130e+01,6.060606e+00,,2.173913e+00,3.030303e+00,2.733860e+01,,4.426878e+01,3.669302e+01,,,,,,,,,,,,,,,,,,,,,,,,,,,,,,,,,,,,,,,,,,,,,,,,,,,,,,,,,,3.030303e+00,3.030303e+00,3.030303e+00,,,1.956522e+01,4.301713e+01,6.515151e+01,6.818182e+01,7.424242e+01,,,,,,,,,,,1.455863e+01,2.391304e+01,3.260870e+01,,,5.019763e+01,1.515152e+00,3.043478e+01,,,,,,,,,,,,,,,,,,,,,,,,,,,,,,,,,,,,,,4.545455e+00,3.030303e+00,3.030303e+00,3.030303e+00,4.545455e+00,,,,,,,,,,,,,,,,,,,,,,,,,,,,,,,,,3.689065e+00,5.862978e+00,1.515152e+00,3.689065e+00,,,,,1.515152e+00,,,,,,,,,,3.030303e+00,3.030303e+00,1.515152e+00,3.030303e+00,5.204216e+00,5.204216e+00,6.719368e+00,6.719368e+00,6.719368e+00,6.719368e+00,2.173913e+00,,3.030303e+00,9.749670e+00,9.749670e+00,9.749670e+00,8.234519e+00,8.234519e+00,5.204216e+00,3.689065e+00,3.689065e+00,3.689065e+00,3.689065e+00,3.689065e+00,1.515152e+00,,,,,,,,,,,,,,,,,,,,,,,,,,,,,,,,,,,,,,,,,,,,,,,,,,,,,,,,,,,,,,,,,,,,,,,,,,,,,,,,,,,,,,,,,,,,,,,,,,,,,,,,,,,,,,,,,,,,,,,,,,,,,,,,,,,,,,,,,,,
,,,,,,,,,,,,,,,,,,,,,,,,,,,,,,,,,,,,,,,,,,,,,,,,,,,,,,,,,,,,,,,,,,,,,,,,,,,,,,,,,,,,,,,,,,,,,,,,,,,,,,,,,,,,,,,,,,,,,,,,,,,,,,,,,,,,,,,,,,,,,,,,,,,2.173913e+00,2.173913e+00,,,,,,,,,,,,,,,,,,,,,,,,,,,,,,,,,,,,,,,,,,,,,,,,,,,,,,,,,,,,,,,,,,,,,,,,,,,,,,,,,,,,,,,,,,,,,,,,,,,,,,,,,,,,,,,,,,,,,,,,,,,,,,,,,,,,,,,,,,,,,,,,,,,,,,,,,,,,,,,,,,,,,,,,,,,,,,,,,,,,,,,,,,,,,,,,,,,,,,,,,,,,1.040843e+01,1.106719e+01,,,,,,,,,,,,,,2.173913e+01,2.173913e+01,2.173913e+01,2.608696e+01,6.060606e+00,3.030303e+00,1.515152e+00,3.030303e+00,6.060606e+00,2.799736e+01,,3.669302e+01,,,,,,,,,,,,,,,,,,,,,,,,,,,,,,,,,,,,,,,,,,,,,,,,8.695652e+00,2.826087e+01,,,,,,,,,,3.030303e+00,7.378129e+00,,,1.739130e+01,6.363636e+01,4.084322e+01,4.301713e+01,7.272727e+01,,,,,,,,,8.695652e+00,,1.238472e+01,2.391304e+01,3.260870e+01,,,,3.478261e+01,3.043478e+01,2.826087e+01,3.689065e+00,6.521739e+00,6.521739e+00,,,,,,,,,,,,,,,,,,,,,,,,,,,,,,,,3.030303e+00,,,3.030303e+00,3.030303e+00,3.030303e+00,3.030303e+00,,,,,,,,,,,,,,,,,,,,,,,,,,,,,,,,,,5.862978e+00,1.515152e+00,3.689065e+00,2.173913e+00,,,,1.515152e+00,1.515152e+00,,,1.515152e+00,,1.515152e+00,1.515152e+00,1.515152e+00,,,,3.030303e+00,3.030303e+00,3.030303e+00,3.030303e+00,5.204216e+00,5.204216e+00,5.204216e+00,5.204216e+00,,,,5.204216e+00,9.749670e+00,6.719368e+00,8.234519e+00,3.689065e+00,,3.689065e+00,3.689065e+00,3.689065e+00,3.689065e+00,3.689065e+00,3.689065e+00,,2.173913e+00,,,,,,,,,,,,,,,,,,,,,,,,,,,,,,,,,,,,,,,,,,,,,,,,,,,,,,,,,,,,,,,,,,,,,,,,,,,,,,,,,,,,,,,,,,,,,,,,,,,,,,,,,,,,,,,,,,,,,,,,,,,,,,,,,,,,,,,,,
,,,,,,,,,,,,,,,,,,,,,,,,,,,,,,,,,,,,,,,,,,,,,,,,,,,,,,,,,,,,,,,,,,,,,,,,,,,,,,,,,,,,,,,,,,,,,,,,,,,,,,,,,,,,,,,,,,,,,,,,,,,,,,,,,,,,,,,,,,,,,,,,,,,,,,,,,,,,,,,,,,,2.173913e+00,,,,,,,,,,,,,,,,,,,,,,,,,,,,,,,,,,,,,,,,,,,,,,,,,,,,,,,,,,,,,,,,,,,,,,,,,,,,,,,,,,,,,,,,,,,,,,,,,,,,,,,,,,,,,,,,,,,,,,,,,,,,,,,,,,,,,,,,,,,,,,,,,,,,,,,,,,,,,,,,,,,,,,,,,,,,,,,,,,,,,,,,,,,,,,,,,,,,,,,,,2.173913e+01,2.173913e+01,,,,2.608696e+01,3.260870e+01,3.689065e+00,3.030303e+00,1.515152e+00,1.515152e+00,3.030303e+00,2.582345e+01,3.405797e+01,6.080369e+01,,,,,,,,,,,,,,,,,,,,,,,,,,,,,,,,,,,,,,,,,,,,,,,,,5.105402e+01,5.843215e+01,,,,,,,,,3.030303e+00,3.030303e+00,2.173913e+00,,1.086957e+01,4.802372e+01,5.994730e+01,4.084322e+01,5.625823e+01,,,,,,,,1.515152e+00,3.781291e+01,,6.521739e+00,3.478261e+01,3.043478e+01,3.478261e+01,,,3.030303e+00,3.260870e+01,3.689065e+00,7.378129e+00,1.824769e+01,2.042161e+01,6.521739e+00,,,,,,,,,,,,,,,,,,,,,,,,,,,,,,,,,3.030303e+00,1.515152e+00,3.030303e+00,3.030303e+00,3.030303e+00,,,,,,,,,,,,,,,,,,,,,,,,,,,,,,,3.689065e+00,,,1.515152e+00,1.515152e+00,3.689065e+00,3.689065e+00,,,,,1.515152e+00,1.515152e+00,1.515152e+00,1.515152e+00,1.515152e+00,3.030303e+00,1.515152e+00,,1.515152e+00,,,3.030303e+00,3.030303e+00,3.030303e+00,3.030303e+00,3.030303e+00,3.030303e+00,5.204216e+00,5.204216e+00,8.234519e+00,4.545455e+00,6.719368e+00,3.030303e+00,1.515152e+00,6.719368e+00,3.030303e+00,1.515152e+00,3.689065e+00,2.173913e+00,2.173913e+00,3.689065e+00,3.689065e+00,3.689065e+00,3.689065e+00,1.515152e+00,1.515152e+00,1.515152e+00,,1.515152e+00,1.515152e+00,,,,,,,,,,,,,,,,,,,,,,,,,,,,,,,,,,,,,,,,,,,,,,,,,,,,,,,,,,,,,,,,,,,,,,,,,,,,,,,,,,,,,,,,,,,,,,,,,,,,,,,,,,,,,,,,,,,,,,,,,,,,,,,,,,,,,
,,,,,,,,,,,,,,,,,,,,,,,,,,,,,,,,,,,,,,,,,,,,,,,,,,,,,,,,,,,,,,,,,,,,,,,,,,,,,,,,,,,,,,,,,,,,,,,,,,,,,,,,,,,,,,,,,,,,,,,,,,,,,,,,,,,,,,,,,,,,,,,,,,,,2.173913e+00,1.515152e+00,,2.173913e+00,2.173913e+00,,,,,,,,,1.515152e+00,3.689065e+00,1.515152e+00,,,,,,,,,,,,,,,,,,,,,,,,,,,,,,,,,,,,,,,,,,,,,,,,,,,,,,,,,,,,,,,,,,,,,,,,,,,,,,,,,,,,,,,,,,,,,,,,,,,,,,,,,,,,,,,,,,,,,,,,,,,,,,,,,,,,,,,,,,,,,,,,,,,,,,,,,,,,,,,,,,,,,,,,,,,,1.086957e+01,1.304348e+01,1.086957e+01,1.956522e+01,2.173913e+01,1.956522e+01,,,,,,,,,,,,,,,,,,,,,,,,2.826087e+01,,,,,2.826087e+01,3.478261e+01,1.910408e+01,6.060606e+00,7.575758e+00,3.030303e+00,7.575758e+00,2.081686e+01,2.213439e+01,,,,,,,,,,,,,,,,,,,,,,,,,,,,,,,,,,,,,,,,,,,,,,,,,,,,,,1.363636e+01,,,,,,,,,,6.515151e+01,8.030303e+01,8.030303e+01,8.030303e+01,8.030303e+01,,,,,,,,,1.521739e+01,2.173913e+00,4.347826e+00,1.956522e+01,,,,,,,,5.204216e+00,1.021080e+01,,,,,,,,,,,,,,,,,,,,,,,,,,,,,,,,,,,,1.515152e+00,4.545455e+00,3.030303e+00,4.545455e+00,,,,,,,,,,,,,,,,,2.173913e+00,2.173913e+00,2.173913e+00,2.173913e+00,2.173913e+00,2.173913e+00,5.862978e+00,1.515152e+00,1.515152e+00,2.173913e+00,,1.515152e+00,1.515152e+00,5.862978e+00,,,,,,,,,,,,1.515152e+00,1.515152e+00,4.545455e+00,3.030303e+00,3.030303e+00,3.030303e+00,3.030303e+00,3.030303e+00,3.030303e+00,3.030303e+00,3.030303e+00,3.030303e+00,3.030303e+00,3.030303e+00,3.030303e+00,3.030303e+00,3.030303e+00,3.030303e+00,3.030303e+00,,,,,,1.515152e+00,1.515152e+00,3.030303e+00,,2.173913e+00,2.173913e+00,1.515152e+00,2.173913e+00,2.173913e+00,1.515152e+00,1.515152e+00,,,,,,,,,,,,,,,,,,,,,,,,,,,,,,,,,,,,,,,,,,,,,,,,,,,,,,,,,,,,,,,,,,,,,,,,,,,,,,,,,,,,,,,,,,,,,,,,,,,,,,,,,,,,,,,,,,,,,,,,,,,,,,,,,,,,,,,,,,
,,,,,,,,,,,,,,,,,,,,,,,,,,,,,,,,,,,,,,,,,,,,,,,,,,,,,,,,,,,,,,,,,,,,,,,,,,,,,,,,,,,,,,,,,,,,,,,,,,,,,,,,,,,,,,,,,,,,,,,,,,,,,,,,,,,,,,,,,,,,,,,,,,,,,,,4.347826e+00,4.347826e+00,,,,,,,,,3.030303e+00,1.515152e+00,3.030303e+00,,,,,,,,,,,,,,,,,,,,,,,,,,,,,,,,,,,,,,,,,,,,,,,,,,,,,,,,,,,,,,,,,,,,,,,,,,,,,,,,,,,,,,,,,,,,,,,,,,,,,,,,,,,,,,,,,,,,,,,,,,,,,,,,,,,,,,,,,,,,,,,,,,,,,,,,,,,,,,,,,,,,,,,,,,,1.956522e+01,1.739130e+01,1.956522e+01,1.956522e+01,2.391304e+01,2.173913e+01,2.391304e+01,,,,,,,,,,,,,,,,,,,,,,,,,,,,,,,1.627141e+01,1.495389e+01,,1.192358e+01,1.258235e+01,1.389987e+01,2.628458e+01,2.391304e+01,1.060606e+01,,,,,,,,,,,,,,,,,,,,,,,,,,,,,,,,,,,,,,,,,,,,,,,,,,,,4.545455e+00,6.060606e+00,,,,,,,,,6.521739e+00,6.600790e+01,6.969697e+01,7.575758e+01,7.575758e+01,,,,,,,,,,,,,,,,,,,,5.862978e+00,5.862978e+00,6.521739e+00,3.030303e+00,,,,,,,,,,,,,,,,,,,,,,,,,,,,,,,1.515152e+00,1.515152e+00,4.545455e+00,4.545455e+00,4.545455e+00,3.030303e+00,3.030303e+00,,,,,,,,,,,,,,,,2.173913e+00,2.173913e+00,2.173913e+00,2.173913e+00,2.173913e+00,2.173913e+00,4.347826e+00,3.689065e+00,1.515152e+00,1.515152e+00,,1.515152e+00,1.515152e+00,1.515152e+00,3.689065e+00,,,,,,,,,,,,,1.515152e+00,3.030303e+00,1.515152e+00,3.030303e+00,3.030303e+00,3.030303e+00,3.030303e+00,3.030303e+00,3.030303e+00,3.030303e+00,3.030303e+00,4.545455e+00,6.060606e+00,4.545455e+00,6.060606e+00,6.060606e+00,6.060606e+00,6.060606e+00,,,,,,,,,1.515152e+00,,,,,1.515152e+00,1.515152e+00,2.173913e+00,,,,,,,,,,,,,,,,,,,,,,,,,,,,,,,,,,,,,,,,,,,,,,,,,,,,,,,,,,,,,,,,,,,,,,,,,,,,,,,,,,,,,,,,,,,,,,,,,,,,,,,,,,,,,,,,,,,,,,,,,,,,,,,,,,,,,,,,,,
,,,,,,,,,,,,,,,,,,,,,,,,,,,,,,,,,,,,,,,,,,,,,,,,,,,,,,,,,,,,,,,,,,,,,,,,,,,,,,,,,,,,,,,,,,,,,,,,,,,,,,,,,,,,,,,,,,,,,,,,,,,,,,,,,,,,,,,,,,,,,,,,,,,,,,,4.347826e+00,6.521739e+00,,,,,,,,,1.515152e+00,5.204216e+00,6.060606e+00,4.545455e+00,,,,,,,,,,,,,,,,,,,,,,,,,,,,,,,,,,,,,,,,,,,,,,,,,,,,,,,,,,,,,,,,,,,,,,,,,,,,,,,,,,,,,,,,,,,,,,,,,,,,,,,,,,,,,,,,,,,,,,,,,,,,,,,,,,,,,,,,,,,,,,,,,,,,,,,,,,,,,,,,,,,,,,,,,,2.608696e+01,2.826087e+01,2.608696e+01,2.173913e+01,2.826087e+01,2.826087e+01,2.977602e+01,,,,,,,,,,,,,,,,,,,,,1.515152e+00,1.515152e+00,,,4.347826e+00,1.086957e+01,,,,,1.778656e+01,,,,1.040843e+01,9.552042e+00,2.760211e+01,3.412385e+01,,,,,4.209486e+01,,,,,,,,,,,,,,,,,,,,,,,,,,,,,,,,,,,,,,,,,,,,,,,,4.545455e+00,6.060606e+00,6.060606e+00,,,,,,,,,6.521739e+00,,7.424242e+01,8.030303e+01,,,,,,,,,,,2.173913e+00,,,,,,,,4.545455e+00,8.036890e+00,9.552042e+00,1.086957e+01,5.164690e+01,4.123847e+01,2.173913e+00,3.214756e+01,,,,,,,,,,,,,,,,,,,,,,,,,,,,1.515152e+00,4.545455e+00,3.030303e+00,4.545455e+00,4.545455e+00,3.030303e+00,4.545455e+00,,,,,,,,,,,,,,,,,2.173913e+00,2.173913e+00,2.173913e+00,2.173913e+00,2.173913e+00,2.173913e+00,3.689065e+00,1.515152e+00,1.515152e+00,1.515152e+00,1.515152e+00,1.515152e+00,1.515152e+00,4.347826e+00,,,,,,,,,,,,,4.545455e+00,3.030303e+00,1.515152e+00,1.515152e+00,3.030303e+00,3.030303e+00,3.030303e+00,3.030303e+00,3.030303e+00,3.030303e+00,3.030303e+00,4.545455e+00,4.545455e+00,6.060606e+00,4.545455e+00,3.030303e+00,6.060606e+00,3.030303e+00,,,,,,,,,,,,,,1.515152e+00,3.030303e+00,2.173913e+00,2.173913e+00,,,,,,,,,,,,,,,,,,,,,,,,,,,,,,,,,,,,,,,,,,,,,,,,,,,,,,,,,,,,,,,,,,,,,,,,,,,,,,,,,,,,,,,,,,,,,,,,,,,,,,,,,,,,,,,,,,,,,,,,,,,,,,,,,,,,,,,,,
,,,,,,,,,,,,,,,,,,,,,,,,,,,,,,,,,,,,,,,,,,,,,,,,,,,,,,,,,,,,,,,,,,,,,,,,,,,,,,,,,,,,,,,,,,,,,,,,,,,,,,,,,,,,,,,,,,,,,,,,,,,,,,,,,,,,,,,,,,,,,,,,,,,,,,,,4.347826e+00,,,,,,,,,1.515152e+00,3.030303e+00,3.030303e+00,4.545455e+00,,,,,,,,,,,,,,,,,,,,,,,,,,,,,,,,,,,,,,,,,,,,,,,,,,,,,,,,,,,,,,,,,,,,,,,,,,,,,,,,,,,,,,,,,,,,,,,,,,,,,,,,,,,,,,,,,,,,,,,,,,,,,,,,,,,,,,,,,,,,,,,,,,,,,,,,,,,,,,,,,,,,,,,,,,2.608696e+01,,,2.826087e+01,2.826087e+01,2.826087e+01,3.280632e+01,,,,,,,,,,,,,,,,,,,1.515152e+00,1.515152e+00,1.515152e+00,1.515152e+00,,1.086957e+01,1.086957e+01,1.086957e+01,6.521739e+00,1.739130e+01,,,1.475626e+01,,,,,2.108037e+01,,,,,,,,,,,,,,,,,,,,,,,,,,,,,,,,,,,,,,,,,,,,,,,,,,,,,,,4.545455e+00,6.060606e+00,6.060606e+00,,,,,4.545455e+00,,,,,,2.391304e+01,7.424242e+01,,,,,,,,,,,,,,,,,,,3.030303e+00,8.036890e+00,1.021080e+01,2.042161e+01,6.963109e+01,6.139658e+01,2.173913e+00,,,,,,,,,,,,,,,,,,,,,,,,,,,,,,1.515152e+00,3.030303e+00,3.030303e+00,3.030303e+00,,3.030303e+00,,,,,,,,,,,,,,,,,,2.173913e+00,2.173913e+00,2.173913e+00,2.173913e+00,2.173913e+00,3.689065e+00,1.515152e+00,1.515152e+00,1.515152e+00,1.515152e+00,1.515152e+00,,,,,,,,,,,,,,,4.545455e+00,4.545455e+00,1.515152e+00,1.515152e+00,3.030303e+00,3.030303e+00,3.030303e+00,3.030303e+00,3.030303e+00,3.030303e+00,3.030303e+00,4.545455e+00,4.545455e+00,1.515152e+00,3.030303e+00,3.030303e+00,3.030303e+00,3.030303e+00,,,,,3.030303e+00,,,,,,,,,,1.515152e+00,,,,,,,,,,,,,,,,,,,,,,,,,,,,,,,,,,,,,,,,,,,,,,,,,,,,,,,,,,,,,,,,,,,,,,,,,,,,,,,,,,,,,,,,,,,,,,,,,,,,,,,,,,,,,,,,,,,,,,,,,,,,,,,,,,,,,,,,,,,
,,,,,,,,,,,,,,,,,,,,,,,,,,,,,,,,,,,,,,,,,,,,,,,4.347826e+00,,,,,,,,,,,,,,,,,,,,,,,,,,,,,,,,,,,,,,,,,,,,,,,,,,,,,,,,,,,,,,,,,,,,,,,,,,,,,,,,,,,,,,,,,,,,,,,,,,,,,,,2.173913e+00,6.521739e+00,2.173913e+00,4.347826e+00,,,,,,,,,7.378129e+00,7.378129e+00,5.204216e+00,6.719368e+00,,,,,,,,,,,,,,,,,,,,,,,,,,,,,,,,,,,,,,,,,,,,,,,,,,,,,,,,,,,,,,,,,,,,,,,,,,,,,,,,,,,,,,,,,,,,,,,,,,,,,,,,,,,,,,,,,,,,,,,,,,,,,,,,,,,,,,,,,,,,,,,,,,,,,,,,,,,,,,,,,,,,,,,,,,,3.498024e+01,3.498024e+01,3.498024e+01,3.498024e+01,3.498024e+01,8.695652e+00,,,,,,,,,,,,1.739130e+01,1.956522e+01,1.956522e+01,1.304348e+01,,,,,,,,,,,,,,,,,,,,,,,,,,,,,,,,,,,,,,,,,4.545455e+00,,,4.347826e+01,,,,,,,,,,,,,,8.030303e+01,8.333333e+01,,,,,,,,,,,,,,,,3.998682e+01,2.542820e+01,4.064559e+01,,,,,,,,3.030303e+00,,,,,,,,2.173913e+00,4.347826e+00,,,,,,,,,,,2.173913e+00,,,6.719368e+00,7.378129e+00,7.378129e+00,,4.776021e+01,2.173913e+00,,,3.102767e+01,,,,,,,,,,,,,,,,,,,,,,,,,,,,,,,,,,1.515152e+00,,,,,,,,,,,,1.515152e+00,1.515152e+00,1.515152e+00,2.173913e+00,,,,,,,,,1.515152e+00,1.515152e+00,1.515152e+00,4.347826e+00,,,,,,,,,,,,,,,3.030303e+00,4.545455e+00,1.515152e+00,3.030303e+00,3.030303e+00,3.030303e+00,4.545455e+00,4.545455e+00,4.545455e+00,3.030303e+00,4.545455e+00,4.545455e+00,4.545455e+00,1.515152e+00,1.515152e+00,1.515152e+00,1.515152e+00,1.515152e+00,,,,,3.030303e+00,3.030303e+00,,,,,,,,,,,,,,,,,,,,,,,,,,,,,,,,,,,,,,,,,,,,,,,,,,,,,,,,,,,,,,,,,,,,,,,,,,,,,,,,,,,,,,,,,,,,,,,,,,,,,,,,,,,,,,,,,,,,,,,,,,,,,,,,,,,,,,,,,,,,,,,,,,,,
,,,,,,,,,,,,,,,,,,,,,,,,,,,,,,,,,,,,,,,,,,,,,,,,,,,,,,,,,,,,,,,,,,,,,,,,,,,,,,,,,,,,,,,,,,,,,,,,,,,,,,,,,,,,,,,,,,,,,,,,,,,,,,,,,,,,,,,,,,,,,,,,,,,,,,,2.173913e+00,4.347826e+00,4.347826e+00,,,,,,,,,2.173913e+00,7.378129e+00,,1.515152e+00,,,,,,,,,,,,,,,,,,,,,,,,,,,,,,,,,,,,,,,,,,,,2.173913e+00,,,,,,,,,,,,,,,,,,,,,,,,,,,,,,,,,,,,,,,,,,,,,,,,,,,,,,,,,,,,,,,,,,,,,,,,,,,,,,,,,,,,,,,,,,,,,,,,,,,,,,,,,,,,,,,,,,,,,,,,,,,,,,3.801054e+01,4.018445e+01,4.018445e+01,3.649539e+01,4.018445e+01,4.235836e+01,1.739130e+01,4.347826e+00,,,4.347826e+00,,,,1.304348e+01,2.108037e+01,1.739130e+01,1.739130e+01,1.739130e+01,1.956522e+01,1.956522e+01,,,,,,,5.862978e+00,,,,,,,,,,,,,2.061924e+01,1.627141e+01,,,,,,,,,,,,,,,,,,,,9.090909e+00,3.030303e+00,1.864295e+01,1.515152e+00,6.060606e+01,,,,,,,,,,,,,,,5.019763e+01,,,,,,,,,,,,,,,,4.953886e+01,3.913044e+01,2.826087e+01,,,,,,,,,1.515152e+00,,,,,,,2.173913e+00,3.689065e+00,1.192358e+01,,,,,,,,,,,,3.689065e+00,7.378129e+00,7.378129e+00,,,3.689065e+00,7.094862e+01,8.418973e+01,7.964427e+01,,,,,,,,,,,,,,,,,,,,,,,,,,,,,,,,,,,,,,,,,,,,,,,1.515152e+00,1.515152e+00,1.515152e+00,,2.173913e+00,,,,,2.173913e+00,3.689065e+00,,1.515152e+00,1.515152e+00,1.515152e+00,,,,,,,,,,,,,,,,3.030303e+00,4.545455e+00,4.545455e+00,1.515152e+00,1.515152e+00,4.545455e+00,4.545455e+00,3.030303e+00,4.545455e+00,4.545455e+00,4.545455e+00,,,,,,,,,,,,3.030303e+00,,,,,,,,,,,,,,,,,,,,,,,,,,,,,,,,,,,,,,,,,,,,,,,,,,,,,,,,,,,,,,,,,,,,,,,,,,,,,,,,,,,,,,,,,,,,,,,,,,,,,,,,,,,,,,,,,,,,,,,,,,,,,,,,,,,,,,,,,,,,,,,,,,,,,
,,,,,,,,,,,,,,,,,,,,,,,,,,,,,,,,,,,,,,,,,,,,,,,,1.515152e+00,,,,,,,,,,,,,,,,,,,,,,,,,,,,,,,,,,,,,,,,,,,,,,,,,,,,,,,,,,,,,,,,,,,,,,,,,,,,,,,,,,,,,,,,,,,,,,,,,,,,,,4.347826e+00,4.347826e+00,4.347826e+00,6.521739e+00,,,,,,,,,,2.173913e+00,5.862978e+00,3.030303e+00,1.106719e+01,,,,,,,,,,,,,,,,,,,,,,,,,,,,,,,,,,,,,,,,,,,,,,,,,,,,,,,,,,,,,,,,,,,,,,,,,,,,,,,,,,,,,,,,,,,,,,,,,,,,,,,,,,,,,,,,,,,,,,,,,,,,,,,,,,,,,,,,,,,,,,,,,,,,,,,,,,,,,,,,,2.173913e+00,2.173913e+00,,,,,,,,3.649539e+01,3.801054e+01,3.649539e+01,4.018445e+01,3.801054e+01,1.521739e+01,4.347826e+00,,1.521739e+01,6.521739e+00,1.521739e+01,1.521739e+01,,1.673254e+01,2.391304e+01,1.956522e+01,1.739130e+01,2.173913e+01,2.391304e+01,,,,,,,5.204216e+00,3.689065e+00,,,,,,,,,1.515152e+00,,,2.885376e+01,9.552042e+00,8.695652e+00,1.409750e+01,,,,,,,,,,,,,,,,,,,,2.121212e+01,,,,,,,8.695652e+00,,,,,,,,,,,,,,,,,,,,,,,,,,,5.322793e+01,2.608696e+01,3.260870e+01,2.826087e+01,,,,,,,,,,,,,,,1.172596e+01,1.040843e+01,8.234519e+00,,2.173913e+00,,,,,,,,,3.689065e+00,7.378129e+00,7.378129e+00,7.378129e+00,7.378129e+00,1.106719e+01,,7.661397e+01,,,,3.517786e+01,3.320158e+01,,,,,,,,,,,,,,,,,,,,,,,,,,,,,,,,3.689065e+00,,,,,,,,,,,1.515152e+00,1.515152e+00,1.515152e+00,1.515152e+00,,2.173913e+00,,,,,1.515152e+00,1.515152e+00,1.515152e+00,3.689065e+00,,,,,,,,,,,,,,,,,,,4.545455e+00,4.545455e+00,3.030303e+00,4.545455e+00,4.545455e+00,3.030303e+00,3.030303e+00,3.030303e+00,4.545455e+00,4.545455e+00,,,,,,,,,,,1.515152e+00,3.030303e+00,,,,,,,,,,,3.030303e+00,,,,,,,,,,,,,,,,,,,,,,,,,,,,,,,,,,,,,,,,,,,,,,,,,,,,,,,,,,,,,,,,,,,,,,,,,,,,,,,,,,,,,,,,,,,,,,,,,,,,,,,,,,,,,,,,,,,,,,,,,,,,,,,,,,,,,,,,,,
,,,,,,,,,,,,,,,,,,,,,,,,,,,,,,,,,,,,,,,,,,,,,,,,,,,,,,,,,,,,,,,,,,,,,,,,,,,,,,,,,,,,,,,,,,,,,,,,,,,,,,,,,,,,,,,,,,,,,,,,,,,,,,,,,,,,,,,,,,,,,,,,,,,,,,,2.173913e+00,2.173913e+00,2.173913e+00,,,2.173913e+00,,,,,7.378129e+00,8.036890e+00,2.173913e+00,2.173913e+00,8.036890e+00,7.378129e+00,7.378129e+00,,,,,,,,,,,,,,,,,,,,,,,,,,,,,,,,,,,,,,,,,,,,,,,,,,,,,,,,,,,,,,,,,,,,,,,,,,,,,,,,,,,,,,,,,,,,,,,,,,,,,,,,,,,,,,,,,,,,,,,,,,,,,,,,,,,,,,,,,,,,,,,,,,,,,,,,,,,,,,,,2.173913e+00,2.173913e+00,,,,,,4.018445e+01,3.649539e+01,3.649539e+01,4.018445e+01,4.018445e+01,4.387352e+01,4.018445e+01,1.304348e+01,4.347826e+00,,1.304348e+01,1.304348e+01,,8.695652e+00,,2.173913e+01,2.608696e+01,2.173913e+01,2.391304e+01,2.173913e+01,,2.173913e+01,4.347826e+00,1.238472e+01,,,5.204216e+00,5.204216e+00,5.204216e+00,3.689065e+00,,,,,,1.515152e+00,4.545455e+00,,,,1.515152e+00,,6.719368e+00,1.541502e+01,5.862978e+00,,,,,,,,,,,,,,,,,,,,,,,,,,,2.173913e+00,,,,,,,6.969697e+01,1.739130e+01,1.521739e+01,,,,,,,,,,,,,,,,,,3.260870e+01,2.826087e+01,,,,,,,,,,,,,,,,1.541502e+01,1.693017e+01,1.021080e+01,2.173913e+00,1.304348e+01,,,,,,,,8.036890e+00,7.378129e+00,7.378129e+00,7.378129e+00,7.378129e+00,7.378129e+00,3.689065e+00,,,,,,5.401845e+01,5.922266e+01,,,,,,,,,,,,,,,,,,,,,,,,,,,,,,,,3.689065e+00,1.515152e+00,,,,,,,,,,,,1.515152e+00,3.689065e+00,,,,,1.515152e+00,,2.173913e+00,3.689065e+00,3.689065e+00,,,,,,,,,,,,,,,,,,,,,3.030303e+00,4.545455e+00,4.545455e+00,4.545455e+00,4.545455e+00,4.545455e+00,4.545455e+00,3.030303e+00,1.515152e+00,,,,,,,,,,,,1.515152e+00,,,,,,,,,,,,,,,,,,,,,,,,,,,,,,,,,,,,,,,,,,,,,,,,,,,,,,,,,,,,,,,,,,,,,,,,,,,,,,,,,,,,,,,,,,,,,,,,,,,,,,,,,,,,,,,,,,,,,,,,,,,,,,,,,,,,,,,,,,,,,,,,,,,,,
,,,,,,,,,,,,,,,,,,,,,,,,,,,,,,,,,,,,,,,,,,,,,,,,,,,,,,,,,,,,,,,,,,,,,,,,,,,,,,,,,,,,,,,,,,,,,,,,,,,,,,,,,,,,,,,,,,,,,,,,,,,,,,,,,,,,,,,,,,,,,,,,,,,,,,,,,,,,,6.521739e+00,6.521739e+00,8.036890e+00,3.689065e+00,3.689065e+00,,,,3.030303e+00,5.204216e+00,,,,,,,,,,,,,,,,,,,,,,,,,,,,,,,,,,,,,,,,,,,,,,,,,,,,,,,2.173913e+00,2.173913e+00,,,,,,,,,,,,,,,,,,,,,,,,,,,,,,,,,,,,,,,,,,,,,,,,,,,,,,,,,,,,,,,,,,,,,,,,,,,,,,,,,,,,,,,,,,,,,,,,,,,,,,,,,,,,,,,,2.173913e+00,,,,,,1.515152e+00,,,,,,,,,1.739130e+01,2.173913e+01,2.391304e+01,1.304348e+01,2.173913e+01,2.173913e+01,6.521739e+00,,4.545455e+00,,,1.212121e+01,1.060606e+01,6.060606e+00,9.090909e+00,4.143610e+01,6.271410e+01,,,3.030303e+00,,9.749670e+00,4.545455e+00,,,3.689065e+00,,,,,,,,,7.378129e+00,,,1.192358e+01,,8.893280e+00,,,,,,,,,,,,,,,,,,,,,,,,7.114624e+01,5.204216e+01,,,,,,,,3.689065e+00,3.689065e+00,,,,,,,,,,,,8.695652e+00,,,,,,,,,,,,9.552042e+00,3.214756e+01,1.086957e+01,,7.378129e+00,4.347826e+00,1.521739e+01,1.521739e+01,,6.521739e+00,6.521739e+00,8.036890e+00,8.036890e+00,,8.036890e+00,4.347826e+00,4.347826e+00,4.347826e+00,,,,,,,,,,,,,,,,,,,,,,,,,,,,,,,,,,,,,,,,,,,,,,,,,,,,,,,,1.515152e+00,3.689065e+00,4.347826e+00,,2.173913e+00,4.347826e+00,4.347826e+00,4.347826e+00,4.347826e+00,4.347826e+00,,,,,,,,,,,,,,,,,,,,,3.030303e+00,1.515152e+00,4.545455e+00,4.545455e+00,4.545455e+00,4.545455e+00,4.545455e+00,4.545455e+00,4.545455e+00,,,,,,,,,1.515152e+00,,,,,3.030303e+00,,,,,,,,,,,,,,,,,,,,,,,,,,,,,,,,,,,,,,,,,,,,,,,,,,,,,,,,,,,,,,,,,,,,,,,,,,,,,,,,,,,,,,,,,,,,,,,,,,,,,,,,,,,,,,,,,,,,,,,,,,,,,,,,,,,,,,,,,,,,,,,,,,,,
,,,,,,,,,,,,,,,,,,,,,,,,,,,,,,,,,,,,,,,,,,,,,,,,,,,,,,,,,,,,,,,,,,,,,,,,,,,,,,,,,,,,,,,,,,,,,,,,,,,,,,,,,,,,,,,,,,,,,,,,,,,,,,,,,,,,,,,,,,,,,,,,,,,,,,,,,,,,,6.521739e+00,6.521739e+00,2.173913e+00,,,,,,,2.173913e+00,,,,,,,,,,,,,,,,,2.173913e+00,,,,,,,,,,,,,,,,,,,,,,,,,,,,,,,,,,,,,,,2.173913e+00,,,,2.173913e+00,2.173913e+00,,,,,,,,,,,,,,,,,,,,,,,,,,,,,,,,,,,,,,,,,,,,,,,,,,,,,,,,,,,,,,,,,,,,,,,,,,,,,,,,,,,,,,,,,,,,,,,,,,,,,,,,,,,,,2.173913e+00,2.173913e+00,,,,,,,,,,,,1.956522e+01,6.521739e+00,1.521739e+01,1.086957e+01,,,,1.515152e+00,1.363636e+01,,6.060606e+00,6.060606e+00,6.060606e+00,6.060606e+00,7.575758e+00,3.030303e+00,1.949934e+01,1.956522e+01,1.060606e+01,4.545455e+00,1.515152e+00,,3.030303e+00,3.689065e+00,3.689065e+00,3.689065e+00,,,,2.173913e+00,,,1.798419e+01,,,,,1.515152e+00,6.060606e+00,,,,,,,,,,,,,,,,,,,,,,,,,,,,,,,,,,,,,,,,,,,,,,,4.347826e+00,1.521739e+01,,,,,,,,,,6.521739e+00,2.173913e+00,2.694335e+01,6.521739e+00,3.689065e+00,5.862978e+00,6.521739e+00,4.347826e+00,5.862978e+00,1.172596e+01,1.172596e+01,1.021080e+01,1.021080e+01,,,,,,,,,,,,,,,,,,,,,,,,,,,,,,,,,,,,,,,,,,,,,,,,,,,,,,,,,,,,,,1.515152e+00,1.515152e+00,2.173913e+00,4.347826e+00,4.347826e+00,4.347826e+00,4.347826e+00,4.347826e+00,,,,,,,,,,,,,,,,,,,,,,,3.030303e+00,3.030303e+00,4.545455e+00,4.545455e+00,4.545455e+00,4.545455e+00,6.060606e+00,4.545455e+00,,,,,,,,,,,,,,,,,,,,,,,,,,,,,,,,,,,,,,,,,,,,,,,,,,,,,,,,,,,,,,,,,,,,,,,,,,,,,,,,,,,,,,,,,,,,,,,,,,,,,,,,,,,,,,,,,,,,,,,,,,,,,,,,,,,,,,,,,,,,,,,,,,,,,,,,,,,,,,,,,,,
,,,,,,,,,,,,,,,,,,,,,,,,,,,,,,,,,,,,,,,,,,,,,,,,,,,,,,,,,,,,,,,,,,,,,,,,,,,,,,,,,,,,,,,,,,,,,,,,,,,,,,,,,,,,,,,,,,,,,,,,,,,,,,,,,,,,,,,,,,,,,,,,,,,,,,,,,,,,,,,,,,,,,,,,,,,,,,,,,,,,,2.173913e+00,2.173913e+00,2.173913e+00,,,,,,,,,,,,,,,,,,,,,,,,,,,,,,,,,,,,,,,,,,,,,,,1.515152e+00,,,,,,,,,,,,,,,,,,,,,,,,,,,,,,,,,,,,,,,,,,,,,,,,,,,,,,,,,,,,,,,,,,,,,,,,,,,,,,,,,,,,,,,,,,,,,,,,,,9.552042e+00,2.173913e+00,8.036890e+00,,,,,2.173913e+00,,,,4.347826e+00,,,,,,,,,,,,,,,,,,,,,2.173913e+00,,,3.030303e+00,3.030303e+00,3.030303e+00,3.030303e+00,3.030303e+00,4.545455e+00,1.515152e+00,4.545455e+00,,3.689065e+00,3.689065e+00,3.689065e+00,,,,4.545455e+00,,,3.689065e+00,1.040843e+01,3.689065e+00,,,1.040843e+01,,5.204216e+00,3.030303e+00,,,,,,,,,,,,,,2.582345e+01,2.430830e+01,2.279315e+01,,,,1.040843e+01,,,,,,,,,,,,3.030303e+00,,,,,,4.347826e+00,,,,,,3.030303e+00,6.521739e+00,8.695652e+00,1.086957e+01,,,,,,,,,,7.378129e+00,1.824769e+01,6.521739e+00,8.695652e+00,8.695652e+00,5.862978e+00,9.552042e+00,7.378129e+00,1.172596e+01,1.172596e+01,1.172596e+01,1.172596e+01,4.347826e+00,,,,,,,,,,,,,,,,,,,,,,,,,,,,,,,,,,,,,,,,,,,,,,,,,,,,,,,,,,,,,,1.515152e+00,3.689065e+00,2.173913e+00,4.347826e+00,4.347826e+00,,,,,,,,,,,,,,,,,,,,,,,,,3.030303e+00,3.030303e+00,4.545455e+00,4.545455e+00,1.515152e+00,4.545455e+00,4.545455e+00,6.060606e+00,3.030303e+00,,,,,,,,,,,,,,,3.030303e+00,,,,,,,,,,,,,,,,,,,,,,,,,,,,,,,,,,,,,,,,,,,,,,,,,,,,,,,,,,,,,,,,,,,,,,,,,,,,,,,,,,,,,,,,,,,,,,,,,,,,,,,,,,,,,,,,,,,,,,,,,,,,,,,,,,,,,,,,,,,,,,,,,,,
,,,,,,,,,,,,,,,,,,,,,,,,,,,,,,,,,,,,,,,,,,,,,,,,,,,,,,,,,,,,,,,,,,,,,,,,,,,,,,,,,,,,,,,,,,,,,,,,,,,,,,,,,,,,,,,,,,,,,,,,,,,,,,,,,,,,,,,,,,,,,,,,,,,,,,,,,,,,,,,,,1.515152e+00,,2.173913e+00,,,2.173913e+00,2.173913e+00,1.515152e+00,,,,1.515152e+00,,,,,,,,,,,,,,,,,,,,,,,,,,,,,,,,,,,,,,,,,,,,,,,,,,,,,,,,,,,,,,,,1.515152e+00,,,,,,,,,,,,,,,,,,,,,,,,,,,,,,,,,,,,,,,,,,,,,,,,,,,,,,,,,,,,,,,,,,,,,,,,,,,,,,,,,,,,,,,,,,,,,2.173913e+00,,9.552042e+00,,,,9.552042e+00,8.036890e+00,1.409750e+01,1.192358e+01,1.409750e+01,1.409750e+01,3.689065e+00,,,2.173913e+00,,,,,,,,,,,,,,8.893280e+00,,,,,,,1.515152e+00,,,1.515152e+00,,,,,,2.173913e+00,4.545455e+00,3.030303e+00,3.313570e+01,2.252964e+01,,,,,,3.689065e+00,,3.689065e+00,,,,,3.030303e+00,1.515152e+00,,,,,,,,,,,,,,,,,,,,,,,,,,,,4.545455e+00,9.090909e+00,,,,4.347826e+00,1.172596e+01,9.552042e+00,,,9.552042e+00,,,,2.845850e+01,4.347826e+00,1.086957e+01,4.347826e+00,,,,,,,,,1.515152e+00,2.476943e+01,2.173913e+01,2.173913e+00,2.173913e+00,,1.515152e+00,,3.030303e+00,3.030303e+00,,,,,,,,,,,,,,,,,,,,,,,,,,,,,,,,,,,,,,,,,,,,,,,,,,,1.515152e+00,,,,,,,,,,,,,,,1.515152e+00,4.347826e+00,1.515152e+00,,,,,,,,,,,,,,,,,,,,,,,,,,3.030303e+00,3.030303e+00,3.030303e+00,3.030303e+00,,6.060606e+00,4.545455e+00,6.060606e+00,1.515152e+00,1.515152e+00,,,,,1.515152e+00,,,,,,,,,,3.030303e+00,,,,,,,,,,,,,,,,,,,,,,,,,,,,,,,,,,,,,,,,,,,,,,,,,,,,,,,,,,,,,,,,,,,,,,,,,,,,,,,,,,,,,,,,,,,,,,,,,,,,,,,,,,,,,,,,,,,,,,,,,,,,,,,,,,,,,,,,,,,,,,,,,,
,,,,,,,,,,,,,,,,,,,,,,,,,,,,,,,,,,,,,,,,,,,,,,,,,,,,,,,,,,,,,,,,,,,,,,,,,,,,,,,,,,,,,,,,,,,,,,,,,,,,,,,,,,,,,,,,,,,,,,,,,,,,,,,,,,,,,,,,,,,,,,,,,,,,,,,,,,,,,,,,,,2.173913e+00,2.173913e+00,2.173913e+00,2.173913e+00,,,,,,,,,,,3.030303e+00,3.030303e+00,3.030303e+00,3.030303e+00,3.030303e+00,3.030303e+00,,,,,,,,,,,,,,,,,,,,,,,,,,,,,,,,,,,,,,,,,,,,,,,,,,,,,,,,,,,,,,,,,,,,,,,,,,,,,,,,,,,,,,,,,,,,,,,,,,,,,,,,,,,,,,,,,,,,,,,,,,,,,,,,,,,,,,,,,,,,,,,,,,2.173913e+00,2.173913e+00,1.778656e+01,1.844532e+01,1.409750e+01,1.343874e+01,1.192358e+01,1.930171e+01,1.324111e+01,6.719368e+00,8.893280e+00,5.204216e+00,5.204216e+00,3.689065e+00,,1.515152e+00,,,,,,,,,,1.515152e+00,,,,,1.515152e+00,3.030303e+00,1.515152e+00,,,,,,,,,,,,,1.515152e+00,,,,,,,1.515152e+00,6.060606e+00,6.060606e+00,6.060606e+00,7.575758e+00,3.030303e+00,,,,,,,,,,6.060606e+00,6.060606e+00,6.060606e+00,6.060606e+00,4.545455e+00,3.030303e+00,4.545455e+00,,,,,,,,,3.030303e+00,1.515152e+00,1.515152e+00,1.515152e+00,4.545455e+00,1.515152e+00,1.515152e+00,,,,,,,,,,5.204216e+00,8.234519e+00,3.030303e+00,1.515152e+00,,,,,,1.515152e+00,,,,,,,,,,,1.515152e+00,,,2.173913e+01,1.086957e+01,,3.689065e+00,,,,,,,,,,,,,,,,,,,,,,,,,,,,,,,,,,,,,,,,,,,,,,,,,,,,,,,,,,2.173913e+00,2.173913e+00,,,,,,,,,,,,,,,,,,,,,,,,,,,,,,,,,,,,,,,,,3.030303e+00,,,1.515152e+00,,,1.515152e+00,,,,,,,,1.515152e+00,2.173913e+00,,,,,,,,,,,,,,,,,,,,,,,,,,,,,,,,,,,,,,,,,,,,,,,,,,,,,,,,,,,,,,,,,,,,,,,,,,,,,,,,,,,,,,,,,,,,,,,,,,,,,,,,,,,,,,,,,,,,,,,,,,,,,,,,,,,,,,,,,,,,,,,,,,,,,,,,,
,,,,,,,,,,,,,,,,,,,,,,,,,,,,,,,,,,,,,,,,,,,,,,,,,,,,,,,,,,,,,,,,,,,,,,,,,,,,,,,,,,,,,,,,,,,,,,,,,,,,,,,,,,,,,,,,,,,,,,,,,,,,,,,,,,,,,,,,,,,,,,,,,,,,,,,,,,,,,,,,,,,2.173913e+00,2.173913e+00,2.173913e+00,,1.515152e+00,,,,,,,,,3.030303e+00,,,,,,,,,,,,,,,,,,,,,,,,,,,,,,,,,,,,,,,,,,,,,,,,,,,,,,,,,,,,1.515152e+00,,,,,,,,,,,,,,,,,,,,,,,,,,,,,,,,,,,,,,,,,,,,,,,,,,,,,,,,,,,,,,,,,,,,,,,,,,,,,,,,,,,,,,,,,,,1.324111e+01,5.862978e+00,5.862978e+00,5.862978e+00,7.378129e+00,1.844532e+01,2.667984e+01,1.172596e+01,9.552042e+00,6.719368e+00,3.030303e+00,1.515152e+00,4.545455e+00,7.575758e+00,3.030303e+00,1.515152e+00,3.030303e+00,1.515152e+00,1.515152e+00,,,,,,,,1.515152e+00,,,,,,,,,,,,,,,,,,,,,,,,,1.515152e+00,3.030303e+00,4.545455e+00,4.545455e+00,3.030303e+00,6.060606e+00,3.030303e+00,1.515152e+00,,,,,,,,,4.545455e+00,4.545455e+00,1.515152e+00,3.030303e+00,1.515152e+00,1.515152e+00,4.347826e+00,2.173913e+00,,,,,,,,1.515152e+00,1.515152e+00,1.515152e+00,,,1.515152e+00,1.515152e+00,,,,,,,,,,,3.030303e+00,8.234519e+00,8.234519e+00,,3.030303e+00,,,,1.515152e+00,,,,,,,,,,,,,,,2.173913e+01,2.826087e+01,3.432148e+01,3.063241e+01,1.086957e+01,,,,,,,,,,,,,,,,,,,,,,,,,,,,,,,,,,,,,,,,,,,,,,,,,,,,,,,1.515152e+00,2.173913e+00,,,,,,,,,,,,,,,,,,,,,,,,,,,,,,,,,,,,,,,,,,,,,,1.515152e+00,,1.515152e+00,,,,,,1.515152e+00,1.515152e+00,1.515152e+00,3.689065e+00,1.515152e+00,,,,,,,,,,,,,,,,,,,,,,,,,,,,,,,,,,,,,,,,,,,,,,,,,,,,,,,,,,,,,,,,,,,,,,,,,,,,,,,,,,,,,,,,,,,,,,,,,,,,,,,,,,,,,,,,,,,,,,,,,,,,,,,,,,,,,,,,,,,,,,,,,,,,,,,,
,,,,,,,,,,,,,,,,,,,,,,,,,,,,,,,,,,,,,,,,,,,,,,,,,,,,,,,,,,,,,,,,,,,,,,,,,,,,,,,,,,,,,,,,,,,,,,,,,,,,,,,,,,,,,,,,,,,,,,,,,,,,,,,,,,,,,,,,,,,,,,,,,,,,,,,,,,,,,,,,,,,,,,,1.515152e+00,,,,,,,,,3.030303e+00,,,,,,,,,,,,,,,,,,,,,,,,,,,,,,,,,,,,,,,,,,,,,,,,,,,,,,,,,,,,,,,,,,,,,,,,,,,,,,,,,,,,,,,,,,,,,,,,,,,,,,,,,,,,,,,,,,,,,,,,,,,,,,,,,,,,,,,,,,,,,,,,,,,,,,,2.173913e+00,5.862978e+00,1.040843e+01,1.192358e+01,9.552042e+00,2.213439e+01,1.996047e+01,9.552042e+00,8.893280e+00,5.204216e+00,4.545455e+00,1.040843e+01,8.234519e+00,6.719368e+00,3.030303e+00,1.515152e+00,1.515152e+00,3.030303e+00,3.030303e+00,3.030303e+00,3.030303e+00,,,,,1.515152e+00,1.515152e+00,,,,,,,,,,,,,,,,,,,,,,,,,,5.862978e+00,3.030303e+00,3.030303e+00,3.030303e+00,4.545455e+00,3.030303e+00,6.060606e+00,,,,,,,,3.030303e+00,,,5.862978e+00,5.862978e+00,3.030303e+00,,,,,,,,,,,1.515152e+00,,3.030303e+00,1.515152e+00,,,,,,,3.030303e+00,,,,,,3.030303e+00,,6.060606e+00,6.060606e+00,6.060606e+00,8.234519e+00,1.258235e+01,2.345191e+01,2.173913e+00,,,,1.515152e+00,,,,,,,,3.030303e+00,,,,,2.173913e+00,3.781291e+01,2.608696e+01,,3.030303e+00,,6.521739e+00,6.521739e+00,,,,,,,,,,,,,,,,,,,,,,,,,,,,,,,,,,,,,,,,,,,,,,,,,,,,,,,,,,,,,,,,,,,,,,,,,,,,,,,,,,,,,,,,,,,,,,,,,,,,1.515152e+00,,,,,2.173913e+00,1.515152e+00,3.689065e+00,1.515152e+00,3.689065e+00,1.515152e+00,,,,,,,,,,,,,,,,,,,,,,,,,,,,,,,,,,,,,,,,,,,,,,,,,,,,,,,,,,,,,,,,,,,,,,,,,,,,,,,,,,,,,,,,,,,,,,,,,,,,,,,,,,,,,,,,,,,,,,,,,,,,,,,,,,,,,,,,,,,,,,,,,,,,,,,,
,,,,,,,,,,,,,,,,,,,,,,,,,,,,,,,,,,,,,,,,,,,,,,,,,,,,,,,,,,,,,,,,,,,,,,,,,,,,,,,,,,,,,,,,,,,,,,,,,,,,,,,,,,,,,,,,,,,,,,,,,,,,,,,,,,,,,,,,,,,,,,,,,,,,,,,,,,,,,,,,,,,,,,,,,,,,,,,,1.515152e+00,3.030303e+00,1.515152e+00,3.030303e+00,3.030303e+00,3.030303e+00,,1.515152e+00,,,,,,,,,,,,,,,,,,,,,,,,,,,,,,,,,,,,,,,,,,,,,,,,,,,,,,1.515152e+00,,,,,,,,,,,,,,,,,,,,,,,,,,,,,,,,,,,,,,,,,,,,,,,,,,,,,,,,,,,,,,,,,,,,,,,,,,,,,,,,,,,,,,,,,,4.347826e+00,8.036890e+00,1.475626e+01,1.172596e+01,1.172596e+01,1.040843e+01,5.204216e+00,3.689065e+00,2.173913e+00,2.173913e+00,3.689065e+00,2.173913e+00,4.347826e+00,5.862978e+00,2.173913e+00,2.173913e+00,2.173913e+00,2.173913e+00,2.173913e+00,2.173913e+00,3.689065e+00,,,,,,,,,,,,,,,,,,,,,,,,,1.515152e+00,,,,,,,,1.515152e+00,1.515152e+00,1.515152e+00,,,1.515152e+00,1.515152e+00,3.030303e+00,3.030303e+00,3.030303e+00,3.030303e+00,3.030303e+00,,3.030303e+00,4.545455e+00,6.719368e+00,8.234519e+00,4.545455e+00,3.030303e+00,4.545455e+00,3.030303e+00,3.030303e+00,3.030303e+00,4.545455e+00,3.030303e+00,8.234519e+00,4.545455e+00,6.060606e+00,4.545455e+00,,6.060606e+00,4.545455e+00,,,,,,,7.378129e+00,,5.862978e+00,,,,3.030303e+00,9.552042e+00,1.106719e+01,1.106719e+01,1.258235e+01,1.106719e+01,9.552042e+00,5.204216e+00,5.862978e+00,5.862978e+00,5.862978e+00,,,,,,,,,,,,1.521739e+01,,2.173913e+00,2.760211e+01,6.521739e+00,,,,,4.347826e+00,,,,,,,,,,,,,,,,,,,,,,,,,,,,,,,,,,,,,,,,,,,,,,,,,,,,,,1.515152e+00,,,2.173913e+00,,,,,,,,,,,,,,,,,,,,,,,,,,,,,,,,,,,,,,,,,,,,,,,,,,,2.173913e+00,,2.173913e+00,2.173913e+00,,2.173913e+00,,,,,,,,,,,,,,,,,,,,,,,,,,,,,,,,,,,,,,,,,,,,,,,,,,,,,,,,,,,,,,,,,,,,,,,,,,,,,,,,,,,,,,,,,,,,,,,,,,,,,,,,,,,,,,,,,,,,,,,,,,,,,,,,,,,,,,,,,,,,,,,,,,,,,,,
,,,,,,,,,,,,,,,,,,,,,,,,,,,,,,,,,,,,,,,,,,,,,,,,,,,,,,,,,,,,,,,,,,,,,,,,,,,,,,,,,,,,,,,,,,,,,,,,,,,,,,,,,,,,,,,,,,,,,,,,,,,,,,,,,,,,,,,,,,,,,,,,,,,,,,,,,,,,,,,,,,,,,,,,,,,,,,,,,,,,,,,,,,,,,,,,,,,,,,,,,,,,,,,,,,,,,,,,,,,,,,,,,,,,,,,,,,,,,,,,,,,,,,,,,,,,,,,,,,,,,,,,,,,,,,,,,,,,,,,,,,,,,,,,,,,,,,,,,,,,,,,,,,,,,,,,,,,,,,,,,,,,,,,1.515152e+00,6.719368e+00,6.719368e+00,6.719368e+00,8.893280e+00,6.719368e+00,3.030303e+00,,,,,,2.173913e+00,2.173913e+00,,,,,,,2.173913e+00,,,,,,,,,,,,,,,,,,,,,,,,,3.030303e+00,3.030303e+00,3.030303e+00,3.030303e+00,,,,,1.515152e+00,1.515152e+00,,,,,,,3.030303e+00,3.030303e+00,3.030303e+00,3.030303e+00,,,1.515152e+00,4.545455e+00,6.060606e+00,7.575758e+00,6.060606e+00,6.060606e+00,6.060606e+00,9.749670e+00,8.234519e+00,8.234519e+00,8.234519e+00,6.060606e+00,6.060606e+00,6.060606e+00,6.060606e+00,1.040843e+01,1.192358e+01,1.040843e+01,6.060606e+00,8.234519e+00,6.719368e+00,6.719368e+00,1.515152e+00,2.173913e+00,2.173913e+00,,,,,1.515152e+00,5.862978e+00,1.106719e+01,1.106719e+01,1.106719e+01,9.552042e+00,9.552042e+00,8.036890e+00,1.515152e+00,3.689065e+00,1.515152e+00,,,,,,,,,,,,,1.956522e+01,4.347826e+00,4.347826e+00,4.347826e+00,3.063241e+01,,2.173913e+00,,4.347826e+00,6.521739e+00,1.086957e+01,,,,,,,,,,,,,,,,,,,,,,,,,,,,,,,,,,,,,,,,,,,,,,,,,,,,,,,,,,,,,,,1.515152e+00,,,,,,,,,,,,,,,,,,,,,,,,,,,,,,,,,,,,,,,,,,,,,,,,,,,,,,,,,,,,,,,,,,,,,,,,,,,,,,,,,,,,,,,,,,,,,,,,,,,,,,,,,,,,,,,,,,,,,,,,,,,,,,,,,,,,,,,,,,,,,,,,,,,,,,,,,,,,,,,,,,,,,,,,,,,,,,,,,,,,,,,,,,,,,,,,,,,,,,,,
,,,,,,,,,,,,,,,,,,,,,,,,,,,,,,,,,,,,,,,,,,,,,,,,,,,,,,,,,,,,,,,,,,,,,,,,,,,,,,,,,,,,,,,,,,,,,,,,,,,,,,,,,,,,,,,,,,,,,,,,,,,,,,,,,,,,,,,,,,,,,,,,,,,,,,,,,,,,,,,,,,,,,,,,,,,,,,,,,,,,,,,,,,,,,,,,,,,,,,,,,,,,,,,,,,,,,,,,,,,,,,,,,,,,,,,,,,,,,,,,,,,,,,,,,,,,,,,,,,,,,,,,,,,,,,,,,,,,,,,,,,,,,,,,,,,,,,,,,,,,,,,,,,,,,,,,,,,,,,,,,,,,,,3.030303e+00,3.030303e+00,6.719368e+00,3.030303e+00,3.030303e+00,3.030303e+00,3.030303e+00,1.515152e+00,,,,,2.173913e+00,2.173913e+00,,,,,,1.515152e+00,1.515152e+00,1.515152e+00,,,,,,,,,,,,,,,,,,,,,,,,,,3.030303e+00,3.030303e+00,3.030303e+00,3.030303e+00,3.030303e+00,3.030303e+00,1.515152e+00,1.515152e+00,1.515152e+00,1.515152e+00,1.515152e+00,1.515152e+00,,,,,1.515152e+00,3.030303e+00,3.030303e+00,,1.515152e+00,6.060606e+00,6.060606e+00,6.060606e+00,7.575758e+00,7.575758e+00,4.545455e+00,6.060606e+00,9.749670e+00,9.749670e+00,8.234519e+00,8.234519e+00,8.234519e+00,8.234519e+00,8.234519e+00,4.545455e+00,1.040843e+01,1.192358e+01,1.040843e+01,1.040843e+01,8.893280e+00,8.893280e+00,8.893280e+00,4.347826e+00,1.258235e+01,8.893280e+00,4.347826e+00,1.409750e+01,1.409750e+01,1.409750e+01,,9.552042e+00,1.106719e+01,9.552042e+00,9.552042e+00,9.552042e+00,8.036890e+00,6.521739e+00,,1.515152e+00,,,,,,,,,,,,,,6.521739e+00,4.347826e+00,4.347826e+00,4.347826e+00,8.695652e+00,6.521739e+00,2.173913e+01,,4.347826e+00,2.173913e+00,1.086957e+01,,,,,,,,,,,,,,,,,,,,,,,,,,,,,,,,,,,,,,,,,,,,,,,,,,,,,,1.515152e+00,,,,,,,,,,,,,,,,,,,,,,,,,,,,,,,,,,,,,,,,,,,,,,,,,,,,,,,,,,,,,,,,,,,,,,,,,,,,,,,,,,,,,,,,,,,,,,,,,,,,,,,,,,,,,,,,,,,,,,,,,,,,,,,,,,,,,,,,,,,,,,,,,,,,,,,,,,,,,,,,,,,,,,,,,,,,,,,,,,,,,,,,,,,,,,,,,,,,,,,,,,,,,,,,,
,,,,,,,,,,,,,,,,,,,,,,,,,,,,,,,,,,,,,,,,,,,,,,,,,,,,,,,,,,,,,,,,,,,,,,,,,,,,,,,,,,,,,,,,,,,,,,,,,,,,,,,,,,,,,,,,,,,,,,,,,,,,,,,,,,,,,,,,,,,,,,,,,,,,,,,,,,,,,,,,,,,,,,,,,,,,,,,,,,,,,,,,,,,,,,,,,,,,,,,,,,,,,,,,,,,,,,,,,,,,,,,,,,,,,,,,,,,,,,0.000000e+00,,,,,,,,,,,,,,,,,,,,,,,,,,,,,,,,,,,,,,,,,,,,,,,,,,,,,,,,,,,,,,,,,,,,,,,,,,,,,,,,,,,,,,,,,3.030303e+00,3.030303e+00,3.030303e+00,3.030303e+00,3.030303e+00,3.030303e+00,,,,,,3.030303e+00,,,,,,,,1.515152e+00,1.515152e+00,,,,,,,,,,,,,1.515152e+00,,,,,,,,,,,,,,1.515152e+00,,,,,1.515152e+00,1.515152e+00,1.515152e+00,1.515152e+00,3.030303e+00,1.515152e+00,1.515152e+00,,3.030303e+00,,,1.515152e+00,1.515152e+00,,1.515152e+00,6.060606e+00,6.060606e+00,4.545455e+00,6.060606e+00,7.575758e+00,6.060606e+00,4.545455e+00,7.575758e+00,7.575758e+00,4.545455e+00,6.060606e+00,6.719368e+00,8.234519e+00,6.060606e+00,6.060606e+00,8.893280e+00,5.862978e+00,5.862978e+00,5.862978e+00,8.893280e+00,8.893280e+00,8.893280e+00,4.347826e+00,1.409750e+01,1.040843e+01,7.378129e+00,1.258235e+01,1.409750e+01,8.893280e+00,2.173913e+00,9.552042e+00,9.552042e+00,8.036890e+00,8.036890e+00,8.036890e+00,6.521739e+00,,,1.515152e+00,,,,,,,4.545455e+00,,,,,,,,8.695652e+00,9.552042e+00,9.552042e+00,2.173913e+00,1.304348e+01,2.826087e+01,,1.673254e+01,,,,,,,,,,,,,,,,,,,,,,,,,,,,,,,,,,,,,,,,,,,,,,,,,,,,,,,,,,,,,,,,,,,,,,,,,,,,,,,,,,,,,,,,,,,,,,,,,,,,,,,,,,,,,,,,,,,,,,,,,,,,,,,,,,,,,,,,,,,,,,,,,,,,,,,,,,,,,,,,,,,,,,,,,,,,,,,,,,,,,,,,,,,,,,,,,,,,,,,,,,,,,,,,,,,,,,,,,,,,,,,,,,,,,,,,,,,,,,,,,,,,,,,,,,,,,,,,,,,,,,,,,
,,,,,,,,,,,,,,,,,,,,,,,,,,,,,,,,,,,,,,,,,,,,,,,,,,,,,,,,,,,,,,,,,,,,,,,,,,,,,,,,,,,,,,,,,,,,,,,,,,,,,,,,,,,,,,,,,,,,,,,,,,,,,,,,,,,,,,,,,,,,,,,,,,,,,,,,,,,,,,,,,,,,,,,,,,,,,,,,,,,,,,,,,,,,,,,,,,,,,,,,,,,,,,,,,,,,,,,,,,,,,,,,,,,,,,,,,,,,,1.515152e+00,,,,,,,,,,,,,,,,,,,,,,,,,,,,,,,,,,,,,,,,,,,,,,,,,,,,,,,,,,,,,,,,,,,,,,,,,,,,,,,,,,,,,,,,,7.575758e+00,7.575758e+00,7.575758e+00,7.575758e+00,7.575758e+00,7.575758e+00,7.575758e+00,3.030303e+00,,,1.515152e+00,1.515152e+00,1.515152e+00,3.030303e+00,1.515152e+00,,,,,,,,,,,,,,,,,,,,,,,,,,,,,,,,,,,,,,,,,,,,,3.030303e+00,,2.173913e+00,2.173913e+00,,,,,,,,,,,2.173913e+00,2.173913e+00,3.030303e+00,3.030303e+00,3.030303e+00,3.030303e+00,3.030303e+00,3.030303e+00,,1.515152e+00,,2.173913e+00,4.347826e+00,5.862978e+00,5.862978e+00,4.347826e+00,5.862978e+00,6.521739e+00,6.521739e+00,4.347826e+00,9.552042e+00,9.552042e+00,6.521739e+00,6.521739e+00,,3.030303e+00,3.030303e+00,,3.030303e+00,3.030303e+00,3.030303e+00,,,1.515152e+00,2.173913e+00,,,,,,2.173913e+00,,,,,,,,5.862978e+00,4.347826e+00,6.521739e+00,6.521739e+00,,,,,,,,,,,,,,,,,,,,,,,,,,,,,,,,,,,,,,,,,,,,,,,,,,,,,,,,,,,,,,,,,,,,,,1.515152e+00,,,,,,,,,,,,,,,,,,,,,,,,,,,,,,,,,,,,,,,1.515152e+00,,,,,,,,,,,,,,,,,,,,,,,,,,,,,,,,,,,,,,,,,,,,,,,,,,,,,,,,,,,,,,,,,,,,,,,,,,,,,,,,,,,,,,,,,,,,,,,,,,,,,,,,,,,,,,,,,,,,,,,,,,,,,,,,,,,,,,,,,,,,,,,,,,,,,,,,,,,,,,,,
,,,,,,,,,,,,,,,,,,,,,,,,,,,,,,,,,,,,,,,,,,,,,,,,,,,,,,,,,,,,,,,,,,,,,,,,,,,,,,,,,,,,,,,,,,,,,,,,,,,,,,,,,,,,,,,,,,,,,,,,,,,,,,,,,,,,,,,,,,,,,,,,,,,,,,,,,,,,,,,,,,,,,,,,,,,,,,,,,,,,,,,,,,1.515152e+00,,,,,,,,,,,,,,,,,,,,,,,,,,,,,,,,,,,,,,,,,,,,,,,,,,,,,,,,,,,,,,,,,,,,,,,,,,,,,,,,,,,,,,,,,,,,,,,,,,,,,,,,,,,,,,,,,,,,,,,,,,,,,,,,,,,,,,,,,,,,7.575758e+00,7.575758e+00,6.060606e+00,4.545455e+00,6.060606e+00,6.060606e+00,6.060606e+00,3.030303e+00,,,,,,,,,,,,,,,2.173913e+00,,,,,,,,,,,,,,,,5.204216e+00,5.204216e+00,5.204216e+00,5.204216e+00,5.204216e+00,5.204216e+00,5.204216e+00,,,,,,,,,,,,,,3.030303e+00,1.515152e+00,,,2.173913e+00,,,,,,,,,,1.515152e+00,1.515152e+00,,4.545455e+00,1.515152e+00,4.545455e+00,4.545455e+00,4.545455e+00,4.545455e+00,4.545455e+00,1.515152e+00,1.515152e+00,6.521739e+00,6.521739e+00,6.521739e+00,8.036890e+00,8.036890e+00,6.521739e+00,6.521739e+00,9.552042e+00,9.552042e+00,6.521739e+00,9.552042e+00,9.552042e+00,9.552042e+00,9.552042e+00,3.030303e+00,3.030303e+00,3.030303e+00,3.030303e+00,3.030303e+00,3.030303e+00,3.030303e+00,3.030303e+00,2.173913e+00,,,,,,,2.173913e+00,2.173913e+00,,,,1.739130e+01,,,,,,,,,,,,,,,,,,,,,,,,,,,,,,,,,,,,,,,,,,,,,,,,,,,,,,,,,,,,,,,,,,,,,,,,,,,,,,,,,,,,,,,,,,,,,,,,,,,,,,,,,,,,,,,,,,,3.030303e+00,,,,,,,,2.173913e+00,2.173913e+00,,,,,,,,,,,,,,,,,,,,,,,,,,,,,,,,,,,,,,,,,,,,,,,,,,,,,,,,,,,,,,,,,,,,,,,,,,,,,,,,,,,,,,,,,,,,,,,,,,,,,,,,,,,,,,,,,,,,,,,,,,,,,,,,,,,,,,,,,,,,,,,,,,,,,,,
,,,,,,,,,,,,,,,,,,,,,,,,,,,,,,,,,,,,,,,,,,,,,,,,,,,,,,,,,,,,,,,,,,,,,,,,,,,,,,,,,,,,,,,,,,,,,,,,,,,,,,,,,,,,,,,,,,,,,,,,,,,,,,,,,,,,,,,,,,,,,,,,,,,,,,,,,,,,,,,,,,,,,,,,,,,,,,,,,,,,,,,,,,1.515152e+00,3.689065e+00,2.173913e+00,2.173913e+00,,,,,,,,,,,,,,,,,,,,,,,,,,,,,,,,,,,,,,,,,,,,,,,,,,,,,,,,,,,,,,,,,,,,,,,,,,,,,,,,,,,,,,,,,,,,,,,,,,,,,,,,,,,,,,,,,,,,,,,,,,,,,,,,,,,,,,,,,,,,4.545455e+00,4.545455e+00,4.545455e+00,4.545455e+00,1.515152e+00,,,,,,,,,,,,,,,,,,,,,,,,,,,,,,,3.030303e+00,3.030303e+00,5.204216e+00,5.204216e+00,5.204216e+00,3.030303e+00,3.030303e+00,,,,,,,,,,1.515152e+00,3.030303e+00,3.030303e+00,3.030303e+00,3.030303e+00,3.030303e+00,,,2.173913e+00,2.173913e+00,,,,,,,,,1.515152e+00,1.515152e+00,1.515152e+00,1.515152e+00,,1.515152e+00,1.515152e+00,4.545455e+00,4.545455e+00,4.545455e+00,5.204216e+00,6.521739e+00,6.521739e+00,6.521739e+00,6.521739e+00,6.521739e+00,6.521739e+00,8.695652e+00,1.106719e+01,9.552042e+00,9.552042e+00,4.347826e+00,1.106719e+01,9.552042e+00,9.552042e+00,1.258235e+01,3.030303e+00,3.030303e+00,3.030303e+00,3.030303e+00,,3.030303e+00,3.030303e+00,,2.173913e+00,,,,,,,2.173913e+00,3.689065e+00,1.521739e+01,1.086957e+01,1.086957e+01,2.173913e+00,1.739130e+01,,,,,,,,,,,,,,,,,,,,,,,,,,,,,,,,,,,,,,,,,,,,,,,,,,,,,,,,,,,,,,,,,,,,,,,,,,,,,,,,,,,,,,,,,,,,,,,,,,,,,,,,,,,,,,,,,,,,,,,,,,,,2.173913e+00,,,,,,,,,,,,,,,,,,,,,,,,,,,,,,,,,,,,,,,,,,,,,,,,,,,,,,,,,,,,,,,,,,,,,,,,,,,,,,,,,,,,,,,,,,,,,,,,,,,,,,,,,,,,,,,,,,,,,,,,,,,,,,,,,,,,,,,,,,,,,,,,,,,,,,
,,,,,,,,,,,,,,,,,,,,,,,,,,,,,,,,,,,,,,,,,,,,,,,,,,,,,,,,,,,,,,,,,,,,,,,,,,,,,,,,,,,,,,,,,,,,,,,,,,,,,,,,,,,,,,,,,,,,,,,,,,,,,,,,,,,,,,,,,,,,,,,,,,,,,,,,,,,,,,,,,,,,,,,,,,,,,,,,,,,,,,,,,,,,2.173913e+00,2.173913e+00,,,,,,,,,,,,,,,,,,,,,,,,,,,,,,,,,,,,,,,,,,,,,,,,,,,,,,,,,,,,,,,,,,,,,,,,,,,,,,,,,,,,,,,,,,,,,,,,,,,,,,,,,,,,,,,,,,,,,,,,,,,,,,,,,,,,,,,,,,,,4.545455e+00,4.545455e+00,4.545455e+00,1.515152e+00,1.515152e+00,,,,,,,,,,,,,,,,,,,,,,,,,,,,,,,3.030303e+00,4.545455e+00,4.545455e+00,4.545455e+00,3.030303e+00,1.515152e+00,,,,,,,,,,,,,,,,3.030303e+00,,,,,,,,,,,,,,,,3.030303e+00,3.030303e+00,1.515152e+00,1.515152e+00,1.515152e+00,4.545455e+00,4.545455e+00,3.689065e+00,6.521739e+00,6.521739e+00,6.521739e+00,2.173913e+00,2.173913e+00,6.521739e+00,6.521739e+00,1.106719e+01,1.106719e+01,1.040843e+01,1.106719e+01,1.258235e+01,1.258235e+01,1.258235e+01,1.258235e+01,3.030303e+00,3.030303e+00,,,,3.030303e+00,3.030303e+00,4.347826e+00,,,,,,,,2.173913e+00,3.689065e+00,1.521739e+01,1.739130e+01,1.086957e+01,1.086957e+01,3.689065e+00,,,,,,,,,,,,,,,,,,,,,,,,,,,,,,,,,,,,,,,,,,,,,,,,,,,,,,,,,,,,,,,,,,,,,,,,,,,,,,,,,,,,,,,,,,,,,,,,,,,,,,,,,,,,,,,,,,,,,,,,,,,,,,,,,,,,,,,,,,,,,,,,,,,,,,,,,,,,,,,,,,,,,,,,,,,,,,,,,,,,,,,,,,,,,,,,,,,,,,,,,,,,,,,,,,,,,,,,,,,,,,,,,,,,,,,,,,,,,,,,,,,,,,,,,,,,,,,,,,,,,,,,,,,,,,,,,,
,,,,,,,,,,,,,,,,,,,,,,,,,,,,,,,,,,,,,,,,,,,,,,,,,,,,,,,,,,,,,,,,,,,,,,,,,,,,,,,,,,,,,,,,,,,,,,,,,,,,,,,,,,,,,,,,,,,,,,,,,,,,,,,,,,,,,,,,,,,,,,,,,,,,,,,,,,,,,,,,,,,,,,,,,,,,,,,,,,,,,,,,,,,,,,,,,,,,,,,,,,,,,,,,,,,,3.689065e+00,3.030303e+00,6.719368e+00,6.719368e+00,,,,,,,,,,,,,,,,,,,,,,,,,,,,,,,,,,,,,,,,,,,,,,,,,,,,,,,,,,,,,,,,,,,,,,,,,,,,,,,,,,,,,,,,,,,,,,,,,,,,,,,,,,,,,,,,,,,,,,,1.515152e+00,1.515152e+00,,,,,,,,,,,,,,,,,,,,,,,,,,,,1.515152e+00,3.030303e+00,3.030303e+00,1.515152e+00,1.515152e+00,1.515152e+00,,,,,,,,,,,2.173913e+00,2.173913e+00,2.173913e+00,2.173913e+00,2.173913e+00,2.173913e+00,2.173913e+00,2.173913e+00,2.173913e+00,2.173913e+00,2.173913e+00,2.173913e+00,,,,,,,1.515152e+00,,1.515152e+00,1.515152e+00,,2.173913e+00,,,2.173913e+00,2.173913e+00,2.173913e+00,3.689065e+00,4.347826e+00,4.347826e+00,4.347826e+00,4.347826e+00,4.347826e+00,6.521739e+00,4.347826e+00,5.862978e+00,8.036890e+00,8.036890e+00,3.689065e+00,2.173913e+00,,1.515152e+00,,,,,,,,,,,,,,,,,,,,,,,,,,,,,,,,,,,,,,,,,,,,,,,,,,,,,,,,,,,,,,,,,,,,,,,,,,,,,,,,,,,,,,,,,,,,,,,,,,,,,,,,,,,,,,,,,,,,,,,,,,,,,,,,,,,,,,,,,,,,,,,,,,,2.173913e+00,,,,,,,,,,,,,,,,,,,,,,,,,,,,,,,,,,,,,,,,,,,,,,,,,,,,,,,,,,,,,,,,,,,,,,,,,,,,,,,,,,,,,,,,,,,,,,,,,,,,,,,,,,,,,,,,,,,,,,,,,,,,,,,,,,,,,,,,,,,,,,,,,,,,,,
,,,,,,,,,,,,,,,,,,,,,,,,,,,,,,,,,,,,,,,,,,,,,,,,,,,,,,,,,,,,,,,,,,,,,,,,,,,,,,,,,,,,,,,,,,,,,,,,,,,,,,,,,,,,,,,,,,,,,,,,,,,,,,,,,,,,,,,,,,,,,,,,,,,,,,,,,,,,,,,,,,,,,,,,,,,,,,,,,,,,,,,,,,,,,1.515152e+00,1.515152e+00,,,,,,,,,,,,,,,,,,,,1.515152e+00,1.515152e+00,4.545455e+00,3.030303e+00,6.719368e+00,1.040843e+01,2.173913e+00,,,,,3.689065e+00,,,,,,,,,,,,,,,,,,,,,,,,,,,,,,,,,,,,,,,,,,,,,,,,,,,,,,,,,,,,,,,,,,,,,,,,,,,,,,,,,,,,,,,,,,,,,,,,,,,,,,,,,,,,,,,,,3.030303e+00,,,,,,,,,,,,,,,,,,,,,,1.515152e+00,3.030303e+00,3.030303e+00,3.030303e+00,3.030303e+00,3.030303e+00,3.030303e+00,3.030303e+00,3.030303e+00,1.515152e+00,,,3.030303e+00,3.030303e+00,,,,,,,,,,,,2.173913e+00,2.173913e+00,2.173913e+00,2.173913e+00,2.173913e+00,,,,4.347826e+00,4.347826e+00,,,,,,1.515152e+00,,1.515152e+00,1.515152e+00,1.515152e+00,,,,,,2.173913e+00,2.173913e+00,2.173913e+00,6.521739e+00,6.521739e+00,6.521739e+00,6.521739e+00,6.521739e+00,1.086957e+01,1.086957e+01,6.521739e+00,4.347826e+00,6.521739e+00,2.173913e+00,4.347826e+00,,2.173913e+00,,,,,,,,,,,,,,,,,,,,,,,,,1.515152e+00,,,,,,,,,,,,,1.739130e+01,,,,,,,,,,,,,,,,,,,,,,,,,,,,,,,,,,,,,,,,,,,,,,,,,,,,,,,,,,,,,,,,,,,,,,,,,,,,,,,,,,,,,,,,,,,,,,,,,,,,,,,,,,,,,,,,,,,,,,,,,,,,,,,,,,,,,,,,,,,,,,,,,,1.515152e+00,,,,,,,,,,,,,,,,,,,,,,,,,,,,,,,,,,,,,,,,,,,,,,,,,,,,,,,,,,,,,,,,,,,,,,,,,,,,,,,,,,,,,,,,,,,,,,,,,,,,,,,,,,,,,,,,,
,,,,,,,,,,,,,,,,,,,,,,,,,,,,,,,,,,,,,,,,,,,,,,,,,,,,,,,,,,,,,,,,,,,,,,,,,,,,,,,,,,,,,,,,,,,,,,,,,,,,,,,,,,,,,,,,,,,,,,,,,,,,,,,,,,,,,,,,,,,,,,,,,,,,,,,,,,,,,,,,,,,,,,,,,,,,,,,,,,,,,,,,,,,,1.515152e+00,1.515152e+00,1.515152e+00,,,,,,,,,,,,,,,,,,,1.515152e+00,1.515152e+00,1.515152e+00,1.515152e+00,3.030303e+00,1.040843e+01,1.040843e+01,,1.040843e+01,5.204216e+00,2.173913e+00,,3.689065e+00,,,,,,,1.172596e+01,,,8.695652e+00,1.673254e+01,1.086957e+01,1.238472e+01,,,,,,,,,,,,,,,,,,,,,,,,,,,,,,,,,,,,,,,,,,,,,,,,,,,,,,,,,,,,,,,,,,,,,,,,,,,,,,,,,,,,,,,,,,,,,,,,,,,,,,,,,,,,,,,,,,,,,,,,,,3.030303e+00,3.030303e+00,3.030303e+00,3.030303e+00,3.030303e+00,3.030303e+00,1.515152e+00,1.515152e+00,,,,1.515152e+00,1.515152e+00,1.515152e+00,1.515152e+00,,,,,,,,,,,,2.173913e+00,,,,,,,,,4.347826e+00,2.173913e+00,,,,1.515152e+00,1.515152e+00,1.515152e+00,1.515152e+00,1.515152e+00,2.173913e+00,,,,,,2.173913e+00,6.521739e+00,6.521739e+00,6.521739e+00,6.521739e+00,6.521739e+00,6.521739e+00,6.521739e+00,1.086957e+01,6.521739e+00,4.347826e+00,2.173913e+00,4.347826e+00,,,,,,,,,2.173913e+00,2.173913e+00,,,,,,,,,,,,,,,,,,,,,,,,,,,,5.862978e+00,3.129117e+01,1.304348e+01,1.515152e+00,,,,,,,,,,,,,,,,,,,,,,,,,,,,,,,,,,,,,,,,,,,,,,,,,,,,,,,,,,,,,,,,,,,,,,,,,,,,,,,,,,,,,,,,,,,,,,,,,,,,,,,,,,,,,,,,,,,,,,,,,,,,,,,,,,,,,,,,,,,,,,,,,,1.515152e+00,,,,,,,,,,,,,,,,,,,,,,,,,,,,,,,,,,,,,,,,,,,,,,,,,,,,,,,,,,,,,,,,,,,,,,,,,,,,,,,,,,,,,,,,,,,,,,,,,,,,,,,,,,,,,,,,,
,,,,,,,,,,,,,,,,,,,,,,,,,,,,,,,,,,,,,,,,,,,,,,,,,,,,,,,,,,,,,,,,,,,,,,,,,,,,,,,,,,,,,,,,,,,,,,,,,,,,,,,,,,,,,,,,,,,,,,,,,,,,,,,,,,,,,,,,,,,,,,,,,,,,,,,,,,,,,,,,,,,,,,,,,,,,,,,,,,,,,,,,,,,,,1.515152e+00,,,,,,,,,,,,,,,,,,,,,1.515152e+00,1.515152e+00,1.515152e+00,3.030303e+00,8.234519e+00,8.234519e+00,,,3.689065e+00,6.719368e+00,6.719368e+00,3.030303e+00,,,,,,,1.238472e+01,1.238472e+01,8.695652e+00,4.347826e+00,8.695652e+00,1.304348e+01,1.086957e+01,1.304348e+01,,,,,,,,,,,,,,,,,,,,,,,,,,,,,,,,,,,,,,,,,,,,,,,,,,,,,,,,,,,,,,,,,,,,,,,,,,,,,,,,,,,,,,,,,,,,,,,,,,,,,,,,,,,,,,,,,,,,,,,,,3.030303e+00,3.030303e+00,3.030303e+00,3.030303e+00,1.515152e+00,1.515152e+00,1.515152e+00,3.030303e+00,,,1.515152e+00,,,1.515152e+00,,,,,,,,,,,,,,,,,,,,,,,,,,,1.515152e+00,,1.515152e+00,1.515152e+00,1.515152e+00,,,,,,,,4.347826e+00,6.521739e+00,6.521739e+00,6.521739e+00,6.521739e+00,6.521739e+00,6.521739e+00,6.521739e+00,6.521739e+00,4.347826e+00,4.347826e+00,4.347826e+00,4.347826e+00,,,,,,,,2.173913e+00,,,,,,,,,,,,,,,,,,,,,,,,,,2.173913e+00,2.173913e+00,2.173913e+00,2.173913e+00,6.521739e+00,4.347826e+00,4.347826e+00,,,,,,,,,,,,,,,,,,,,,,,,,,,,,,,,,,,,,,,,,,,,,,,,,,,,,,,,,,,,,,,,,,,,,,,,,,,,,,,,,,,,,,,,,,,,,,,,,,,,,,,,,,,,,,,,,,,,,,,,,,,,,,,,,,,,,,,,,,,,,,,,,,,,,,,,,,,,,,,,,,,,,,,,,,,,,,,,,,,,,,,,,,,,,,,,,,,,,,,,,,,,,,,,,,,,,,,,,,,,,,,,,,,,,,,,,,,,,,,,,,,,,,,,,,,,,,,,,,,
,,,,,,,,,,,,,,,,,,,,,,,,,,,,,,,,,,,,,,,,,,,,,,,,,,,,,,,,,,,,,,,,,,,,,,,,,,,,,,,,,,,,,,,,,,,,,,,,,,,,,,,,,,,,,,,,,,,,,,,,,,,,,,,,,,,,,,,,,,,,,,,,,,,,,,,,,,,,,,,,,,,,,,,,,,,,,,,,,,,,,,,,,,,,,,,,,,2.173913e+00,,,,,,,,,,,,,,2.173913e+00,2.173913e+00,,,,,,,,,,,,,,,,,,,,,,,,,,,,,,,,,,,,,,,,,,,,,,,,,,,,,,,,,,,,,,,,,,,,,,,,,,,,,,,,,,,,,,,,,,,,,,,,,,,,,,,,,,,,,,,,,,,,,,,,,,,,,,,,,,,,,,,,,,,,,,,,,,,4.545455e+00,4.545455e+00,4.545455e+00,4.545455e+00,4.545455e+00,1.515152e+00,1.515152e+00,4.545455e+00,3.030303e+00,3.030303e+00,3.030303e+00,3.030303e+00,3.030303e+00,1.515152e+00,,,,,,,,,,,,,,,,,,,,,,,,,,,,,,,,,2.173913e+00,2.173913e+00,2.173913e+00,3.689065e+00,3.689065e+00,2.173913e+00,2.173913e+00,6.521739e+00,6.521739e+00,2.173913e+00,2.173913e+00,4.347826e+00,4.347826e+00,6.521739e+00,,2.173913e+00,2.173913e+00,2.173913e+00,,,,,,,,,,,,,,,,,,,,,,,,,,,,,,,,,,,,,,,,,,,,,,,,,,,,,,,,,,,,,,,,,,,,,,,,,,,,,,,,,,,,,,,,,,,,,,,,,,,,,,,,,,,,,,,,,,,,,,,,,,,,,,,,,,,,,,,,,,,,,,,,,,,,,,,,,,,,,,,,,,,,,,,,,,,,,,,,,,,,,,,,,,,,,,,,,,,,,,,,,,,,,,,,,,,,,,,,,,,,,,,,,,,,,,,,,,,,,,,,,,,,,,,,,,,,,,,,,,,,,,,,,,,,,,,,,,,,,,,,,,,,,,,,,,,,,,,,,,,,
,,,,,,,,,,,,,,,,,,,,,,,,,,,,,,,,,,,,,,,,,,,,,,,,,,,,,,,,,,,,,,,,,,,,,,,,,,,,,,,,,,,,,,,,,,,,,,,,,,,,,,,,,,,,,,,,,,,,,,,,,,,,,,,,,,,,,,,,,,,,,,,,,,,,,,,,,,,,,,,,,,,,,,,,,,,,,,,,,,,,,,,,,,,,,,,,,,,,,,,,,,,,,,,,,,,,,,,,,,2.173913e+00,,,,,,,,,,,,,,,,,,,4.347826e+00,,,,,,,,,,,,,,,,,,,,,,,,,,,,,,,,,,,,,,,,,,,,,,,,,,,,,,,,,,,,,,,,,,,,,,,,,,,,,,,,,,,,,,,,,,,,,,,,,,,,,,,,,,,,,,,,,,,,,,,4.545455e+00,4.545455e+00,4.545455e+00,4.545455e+00,4.545455e+00,1.515152e+00,4.545455e+00,4.545455e+00,3.030303e+00,,3.030303e+00,3.030303e+00,,1.515152e+00,1.515152e+00,1.515152e+00,,,,,,,,,,,,,,,,,,,,,,,,,,,,,,,,,,2.173913e+00,2.173913e+00,2.173913e+00,2.173913e+00,2.173913e+00,2.173913e+00,2.173913e+00,2.173913e+00,2.173913e+00,6.521739e+00,6.521739e+00,4.347826e+00,,1.515152e+00,4.347826e+00,2.173913e+00,,,,,,,,,,,,,,,,,,,,,,,,,,,,,,,,,,,,,,,,,,,,,,,,,,,,,,,,,,,,,,,,,,,,,,,,,,,,,,,,,,,,,,,,,,,,,,,,,,,,,,,,,,,,,,,,,,,,,,,,,,,,,,,,,,,,,,,,,,,,,,,,,,,,,,,,,,,,,,,,,,,,,,,,,,,,,,,,,,,,,,,,,,,,,,,,,,,,,,,,,,,,,,,,,,,,,,,,,,,,,,,,,,,,,,,,,,,,,,,,,,,,,,,,,,,,,,,,,,,,,,,,,,,,,,,,,,,,,,,,,,,,,,,,,,,,,,,,,,,
,,,,,,,,,,,,,,,,,,,,,,,,,,,,,,,,,,,,,,,,,,,,,,,,,,,,,,,,,,,,,,,,,,,,,,,,,,,,,,,,,,,,,,,,,,,,,,,,,,,,,,,,,,,,,,,,,,,,,,,,,,,,,,,,,,,,,,,,,,,,,,,,,,,,,,,,,,,,,,,,,,,,,,,,,,,,,,,,,,,,,,,,,,,,,,,,,,,,,,,,,,,,,,,,,,,,,2.173913e+00,,,,,,,,,,,,,,,,,,,,,,,,4.347826e+00,,,,,,,,,,,,,,,,,,,,,,,,,,,,,,,,,,,,,,,,,,,,,,,,,,,,,,,,,,,,,,,,,,,,,,,,,,,,,,,,,,,,,,,,,,,,,,,,,,,,,,,,,,,,,,,,,,1.515152e+00,1.515152e+00,1.515152e+00,1.515152e+00,,4.545455e+00,4.545455e+00,4.545455e+00,1.515152e+00,4.545455e+00,1.515152e+00,4.545455e+00,4.545455e+00,3.030303e+00,,,,,,,,1.515152e+00,1.515152e+00,1.515152e+00,1.515152e+00,1.515152e+00,1.515152e+00,1.515152e+00,,,,,,,,,,,,,,,,,,,,,,,,,,,,,,,,,,2.173913e+00,2.173913e+00,6.521739e+00,8.036890e+00,2.173913e+00,,,,2.173913e+00,2.173913e+00,,,,,,,,,,,,,,,,,,,,,,,,,,,,,,,,,,,,,,,,,,,,,,,,,,,,,,,,,,,,,,,,,,,,,,,,,,,,,,,,,,,,,,,,,,,,,,,,,,,,,1.515152e+00,,,,,,,,,,,,,,,,,,,,,,,,,,,,,,,,,,,,,,,,,,,,,,,,,,,,,,,,,,,,,,,,,,,,,,,,,,,,,,,,,,,,,,1.515152e+00,1.515152e+00,,,,,,,,,,,,,,,,,,,,,,,,,,,,,,,,,,,,,,,,,,,,,,,,,,,,,,,,,,,,,,,,,,,,,,,,,,,,,,,,,,,,,,,,,,,,,,,,,,,,,,,,,,,,,,
,,,,,,,,,,,,,,,,,,,,,,,,,,,,,,,,,,,,,,,,,,,,,,,,,,,,,,,,,,,,,,,,,,,,,,,,,,,,,,,,,,,,,,,,,,,,,,,,,,,,,,,,,,,,,,,,,,,,,,,,,,,,,,,,,,,,,,,,,,,,,,,,,,,,,,,,,,,,,,,,,,,,,,,,,,,,,,,,,,,,,,,,,,,,,,,,,,,,,,,,,,,,,,,1.515152e+00,1.515152e+00,1.515152e+00,1.515152e+00,1.515152e+00,1.515152e+00,1.515152e+00,,,,,,,,,,,,,,,,,,,,,,,,4.347826e+00,,,,,,,,,,,,,,,,,,,,,,,,,,,,,,,,,,,,,,,,,,,,,,,,,,,,,,,,,,,,,,,,,,,,,,,,,,,,,,,,,,,,,,,,,,,,,,,,,,,,,,,,,,,,,,1.515152e+00,3.030303e+00,,3.030303e+00,1.515152e+00,3.030303e+00,5.204216e+00,8.234519e+00,8.234519e+00,8.234519e+00,6.060606e+00,4.545455e+00,4.545455e+00,4.545455e+00,,4.545455e+00,4.545455e+00,3.030303e+00,3.030303e+00,,,,,,,,1.515152e+00,1.515152e+00,,1.515152e+00,1.515152e+00,,1.515152e+00,,1.515152e+00,,,,,,,,,,,,,,,,,,,,,,,,,,,,,,,,,2.173913e+00,2.173913e+00,,,,,2.173913e+00,2.173913e+00,2.173913e+00,,,,,,,,,,,,,,,,,,,,,,,,,,,,,,,,,,,,,,,,,,,,,,,,,,,,,,,,,,,,,,,,,,,,,,,,,,,,,,,,,,,,,,,,,,,,,,,,,,,,1.515152e+00,,,,,,,,,,,,,,,,,,,,,,,,,,,,,,,,,,,,,,,,,,,,,,,,,,,,,,,,,,,,,,,,,,,,,,,,,,,,,,,,,,,,,1.515152e+00,,,,,,,,,,,,,,,,,,,,,,,,,,,,,,,,,,,,,,,,,,,,,,,,,,,,,,,,,,,,,,,,,,,,,,,,,,,,,,,,,,,,,,,,,,,,,,,,,,,,,,,,,,,,,,,,
,,,,,,,,,,,,,,,,,,,,,,,,,,,,,,,,,,,,,,,,,,,,,,,,,,,,,,,,,,,,,,,,,,,,,,,,,,,,,,,,,,,,,,,,,,,,,,,,,,,,,,,,,,,,,,,,,,,,,,,,,,,,,,,,,,,,,,,,,,,,,,,,,,,,,,,,,,,,,,,,,,,,,,,,,,,,,,,,,,,,,,,,,,,,,,,,,,,,,,,,,,,,3.030303e+00,3.030303e+00,,,,,,1.515152e+00,1.515152e+00,1.515152e+00,,1.515152e+00,1.515152e+00,1.515152e+00,,,,,,,,,,,,,,,,,,,,,2.173913e+00,,,,,,,,,,,,,,,,,,,,,,,,,,,,,,,,,,,,,,,,,,,,,,,,,,,,,,,,,,,,,,,,,,,,,,,,,,,,,,,,,,,,,,,,,,,,,,,,,,,,,,,,,,,,1.515152e+00,1.515152e+00,5.204216e+00,3.148880e+01,4.472991e+01,4.255599e+01,4.690382e+01,4.255599e+01,4.472991e+01,4.321476e+01,1.910408e+01,1.040843e+01,4.545455e+00,3.030303e+00,3.689065e+00,,1.515152e+00,1.515152e+00,,,,,,,,,,,,,,,,,,,,,,,,,,,,,,,,,,,,,,,,,,,,,,,,,,,,,,,,2.173913e+00,2.173913e+00,2.173913e+00,,,,,,,,,,,,,,,,,,,,,,,,,,,,,,,,,,,,,,,,,,,,,,,,,,,,,,,,,,,,,,,,,,,,,,,,,,,,,,,,,,,,,,,,,,,,,,,,,,,,,,,,,,,,,,,,,,,,,,,,,,,,,,,,,,,,,,,,,,,,,,,,,,,,,,,,,,,,,,,,,,,,,,,,,,,,,0.000000e+00,,,,,,,,,,,,,,1.515152e+00,,,,,,,,,,,,,,,,,,,,,,,,,,,,,,,,,,,,,,,,,,,,,,,,,,,,,,,,,,,,,,,,,,,,,,,,,,,,,,,,,,,,,,,,,,,,,,,,,,,,,,,,,,,,,,,
,,,,,,,,,,,,,,,,,,,,,,,,,,,,,,,,,,,,,,,,,,,,,,,,,,,,,,,,,,,,,,,,,,,,,,,,,,,,,,,,,,,,,,,,,,,,,,,,,,,,,,,,,,,,,,,,,,,,,,,,,,,,,,,,,,,,,,,,,,,,,,,,,,,,,,,,,,,,,,,,,,,,,,,,,,,,,,,,,,,,,,,,,,,,,,,,,,,,,,,,,,,,,3.030303e+00,,,,,,,1.515152e+00,1.515152e+00,,1.515152e+00,1.515152e+00,1.515152e+00,,,,,,,,,,,,,,,,,,,,2.173913e+00,,,,,,,,,,,,,,,,,,,,,,,,,,,,,,,,,,,,,,,,,,,,,,,,,,,,,,,,,,,,,,,,,,,,,,,,,,,,,,,,,,,,,,,,,,,,,,,,,,,,,,,,,,,,,,1.515152e+00,3.689065e+00,4.690382e+01,4.690382e+01,2.193676e+01,1.824769e+01,3.063241e+01,3.214756e+01,3.366271e+01,1.541502e+01,1.172596e+01,1.910408e+01,1.910408e+01,1.258235e+01,1.258235e+01,6.060606e+00,6.060606e+00,,,,,,,,,,,,,,,,,,,,,,,,,,,,,,,,,,,,,,,,,,,,,,,,,,,,,,,,,2.173913e+00,,,,,,,,,,,,,,,,,,,,,,,,,,,,,,,,,,,,,,,,,,,,,,,,,,,,,,,,,,,,,,,,,,,,,,,,,,,,,,,,,,,,,,,,,,,,,,,,,,,,,,,,,,,,,,,,,,,,,,,,,,,,,,,,,,,,,,,,,,,,,,,,,,,,,,,,,,,,,,,,,,,,,,,,,,,,,,,,,,,,,,,,,,,,,,,,,,,,,,,,,,,,,,,,,,,,,,,,,,,,,,,,,,,,,,,,,,,,,,,,,,,,,,,,,,,,,,,,,,,,,,,,,,,,,,,,,,,,,,,,,,,,,,,,,,,,,,,,,,,
,,,,,,,,,,,,,,,,,,,,,,,,,,,,,,,,,,,,,,,,,,,,,,,,,,,,,,,,,,,,,,,,,,,,,,,,,,,,,,,,,,,,,,,,,,,,,,,,,,,,,,,,,,,,,,,,,,,,,,,,,,,,,,,,,,,,,,,,,,,,,,,,,,,,,,,,,,,,,,,,,,,,,,,,,,,,,,,,,,,,,,,,,,,,,,,,,,,,,,,,,,,,,3.030303e+00,,,1.515152e+00,,,,1.515152e+00,1.515152e+00,,,,,,,,,,,,,,,,,,,,,,,,,,,,,,,,,,,,,,,,,,,,,,,,,,,,,,,,,,,,,,,,,,,,,,,,,,,,,,,,,,,,,,,,,,,,,,,,,,,,,,,,,,,,,,,,,,,,,,,,,,,,,,,,,,,,,,,,3.583663e+01,1.238472e+01,3.689065e+00,7.378129e+00,7.378129e+00,1.389987e+01,9.552042e+00,1.541502e+01,1.106719e+01,3.689065e+00,1.910408e+01,1.258235e+01,8.234519e+00,8.234519e+00,,,,,,,,,,,,,,,,,,,,,,,,,,,,,,,,,,,,,,,,,,,,,,,,,,,,,,,,,,,,,,,,,,,,,,,,,,,,,,,,,,,,,,,,,,,,,,,,,,,,,,,,,,,,,,,,,,,,,,,,,,,,,,,,,,,,,,,,,,,,,,,,,,,,,,,,,,,,,,,,,,,,,,,,,,,,,,,,,,,,,,,,,,,,,,,,,,,,,,,,,,,,,,,,,,,,,,,,,,,,,,,,,,,,,,,,,,,,,,,,,,,,,,1.515152e+00,1.515152e+00,1.515152e+00,,,,,,,,,,,,,,,,,,,,,,,,,,,,,,,,,,,,,,,,,,,,,,,,,,,,,,,,,,,,,,,,,,,,,,,,,,,,,,,,,,,,,,,,,,,,,,,,,,,,,,,,,,,,,
,,,,,,,,,,,,,,,,,,,,,,,,,,,,,,,,,,,,,,,,,,,,,,,,,,,,,,,,,,,,,,,,,,,,,,,,,,,,,,,,,,,,,,,,,,,,,,,,,,,,,,,,,,,,,,,,,,,,,,,,,,,,,,,,,,,,,,,,,,,,,,,,,,,,,,,,,,,,,,,,,,,,,,,,,,,,,,,,,,,,,,,,,,,,,,,,,,,,,,,,,,,,,,,,,,,,,,,,,,,,,,,,,,,,,,,,,,,,,,,,,,,,,,,,,,,,,,,,,,,,,,,,,,,,,,,,,,,,,,,,,,,,,,,,,,,,,,,,,,,,,,,,,,,,,,,,,,,,,,,,,,,,,,,,,,,,,,,,,,,,,,,,,,,,,8.695652e+00,,,,,,,,1.515152e+00,1.515152e+00,7.378129e+00,,,,,,,,,,,,,,,,,,,,,,,,,,,,,,,,,,,,,,,,,,,,,,,,,,,,,,,,,,,,,,,,,,,,,,,,,,,,,,,,,,,,,,,,,,,,,,,,,,,,,,,,,,,,,,,,,,,,,,,,,,,,,,,,,,,,,,,,,,,,,,,,,,,,,,,,,,,,,,,,,,,,,,,,,,,,,,,,,,,,,,,,,,,,,,,,,,,,,,,,,,,,,,,,,,,,,,,,,,,,,,,,,,,,,,,,,,,,,,,,,,,,,,,,,,,,,,,,,,,,,,,,,,,,,,,,,,,,,,,,,,,,,,,,,,,,,,,,,,,,,,,,,,,,,,,,,,,,,,,,,,,,,,,,,,,,,,,,,,,,,,,,,,,,,,,,,,,,,,,,
,,,,,,,,,,,,,,,,,,,,,,,,,,,,,,,,,,,,,,,,,,,,,,,,,,,,,,,,,,,,,,,,,,,,,,,,,,,,,,,,,,,,,,,,,,,,,,,,,,,,,,,,,,,,,,,,,,,,,,,,,,,,,,,,,,,,,,,,,,,,,,,,,,,,,,,,,,,,,,,,,,,,,,,,,,,,,,,,,,,,,,,,,,,,,,,,,,,,,,,,,,,,,,,,,,,,,,,,,,,,,,,,,,,,,,1.515152e+00,1.515152e+00,1.515152e+00,,,1.515152e+00,1.515152e+00,,,,,,,,,,,,,,,,,,,,,,,,,,,,,,,,,,,,,,,,,,,,,,,,,,,,,,,,,,,,,,,,,,,,,,,,,,,,,,,,,,,,,,,,,,,,,,,,,,,,,,,,,,,,,,,4.347826e+00,6.521739e+00,,,,,,,,,,,,,,,,,,,,,,,,,,,,,,,,,,,,,,,,,,,,,,,,,,,,,,,,,,,,,,,,,,,,,,,,,,,,,,,,,,,,,,,,,,,,,,,,,,,,,,,,,,,,,,,,,,,,,,,,,,,,,,,,,,,,,,,,,,,,,,,,,,,,,,,,,,,,,,,,,,,,,,,,,,,,,,,,,,,,,,,,,,,,,,,,,,,,,,,,,,,,,,,,,,,,,,,,,,,,,,,,,,,,,,,,,,,,,,,,,,,,3.030303e+00,3.030303e+00,,,,,,,,,,,,,,,,,,,,,,,,,,,,,,,,,,,,,,,,,,,,,,,,,,,,,,,,,,,,,,,,,,,,,,,,,,,,,,,,,,,,,,,,,,,,,,,,,,,,,,,,,,,,,,,,,,,,,,,,,,,,,,
,,,,,,,,,,,,,,,,,,,,,,,,,,,,,,,,,,,,,,,,,,,,,,,,,,,,,,,,,,,,,,,,,,,,,,,,,,,,,,,,,,,,,,,,,,,,,,,,,,,,,,,,,,,,,,,,,,,,,,,,,,,,,,,,,,,,,,,,,,,,,,,,,,,,,,,,,,,,,,,,,,,,,,,,,,,,,,,,,,,,,,,,,,,,,,,,,,,,,,,,,,,,,,,,,,,,,,,,,,,,,,,,,,,,,,,1.515152e+00,1.515152e+00,1.515152e+00,1.515152e+00,1.515152e+00,1.515152e+00,,,,,,,,,,,,,,,,,,,,,,,,,,,,,,,,,,,,,,,,,,,,,,,,,,,,,,,,,,,,,,,,,,,,,,,,,,,,,,,,,,,,,,,,,,,,,,,,,,,,,,,,,,,,,,,,,,,,,,,,,,,,,,,,,,,,,,,,,,,,,,,,,,,,,,,,,,,,,,,,,,,,,,,,,,,,,,,,,,,,,,,,,,,,,,,,,,,,,,,,,,,,,,,,,,,,,,,,,,,,,,,,,,,,,,,,,,,,,,,,,,,,,,,,,,,,,,,,,,,,,,,,,,,,,,,,,,,,,,,,,,,,,,,,,,,,,,,,,,,,,,,,,,,,,,,,,,,,,,,,,,,,,,,,,,1.515152e+00,,,,,,,,,,,,,,,,,,,,,,,,,,1.515152e+00,1.515152e+00,1.515152e+00,1.515152e+00,,,,,,,,,,,,,,,,,,,,,,,,,,,,,,,,,,,,,,,,,,,,,,,,,,,,,,,,,,,,,,,,,,,,,,,,,,,,,,,,,,,,,,,,,,,,,,,,,,,,,,,,,,,,,,,,,,,,,,,,,,,,
,,,,,,,,,,,,,,,,,,,,,,,,,,,,,,,,,,,,,,,,,,,,,,,,,,,,,,,,,,,,,,,,,,,,,,,,,,,,,,,,,,,,,,,,,,,,,,,,,,,,,,,,,,,,,,,,,,,,,,,,,,,,,,,,,,,,,,,,,,,,,,,,,,,,,,,,,,,,,,,,,,,,,,,,,,,,,,,,,,,,,,,,,,,,,,,,,,,,,,,,,,,,,,,,,,,,,,,,,,,,,,,,,,,,,1.515152e+00,1.515152e+00,1.515152e+00,1.515152e+00,1.515152e+00,1.515152e+00,1.515152e+00,1.515152e+00,,,,,,,,,,,,,,,,,,,,,,,,,,,,,,,,,,,,,,,,,,,,,,,,,,,,,,,,,,,,,,,,,,,,,,,,,,,,,,,,,,,,,,,,,,,,,,,,,,,,,,,,,,,,,,,,,,,,,,,,,,,,,,,,,,,,,,,,,,,,,,,,,,,,,,,,,,,,,,,,,,,,,,,,,,,,,1.515152e+00,,,,,,,,,,,,,,,,,,,,,,,,,,,,,,,,,,,,,,,,,,,,,,,,,,,,,,,,,,,,,,,,,,,,,,,,,,,,,,,,,,,,,,,,,,,,,,,,,,,,,,,,,,,,,,,,,,,,,,,,,,,,,,,,,,,,,,,,,,,,,,,,,,,,,,,,,,,,,,,,,,,,,,,,,,,,,,,,,,,,,,,1.515152e+00,,1.515152e+00,1.515152e+00,,,,,,,,,,,,,,,,,,,,,,,,,,,,,,,,,,,,,,,,,,,,,,,,,,,,,,,,,,,,,,,,,,,,,,,,,,,,,,,,,,,,,,,,,,,,,,,,,,,,,,,,,,,,,,,,,,,,,,,,,,,,
,,,,,,,,,,,,,,,,,,,,,,,,,,,,,,,,,,,,,,,,,,,,,,,,,,,,,,,,,,,,,,,,,,,,,,,,,,,,,,,,,,,,,,,,,,,,,,,,,,,,,,,,,,,,,,,,,,,,,,,,,,,,,,,,,,,,,,,,,,,,,,,,,,,,,,,,,,,,,,,,,,,,,,,,,,,,,,,,,,,,,,,,,,,,,,,,,,,,,,,,,,,,,,,,,,,,,,,,,,,,,,,,,,,,,,,1.515152e+00,1.515152e+00,1.515152e+00,1.515152e+00,,3.030303e+00,,1.515152e+00,1.515152e+00,,,,,,,,,,,,,,,,,,,,,,,,,,,,,,,,,,,,,,,,,,,,,,,,,,,,,,,,,,,,,,,,,,,,,,,,,,,,,,,,,,,,,,,,,,,,,,,,,,,,,,,,,,,,,,,,,,,,,,,,,,,,,,,,,,,,,,,,,,,,,,,,,,,,,,,,,,,,,,,,,,,,,,,,,,,,,,,,,,,,,,,,,,,,,,,,,,,,,,,,,,,,,,,,,,,,,,,,,,,,,,,,,,,,,,,,,,,,,,,,,,,,,,,,,,,,,,,,,,,,,,,,,,,,,,,,,,,,,,,,,,,,,,,,,,,,,,,,,,,,,,,,,,,,,,,,,,,,,,,,,,,,,,,,,,,,,,,,,,,,,,,,,,,,,,,3.030303e+00,3.030303e+00,3.030303e+00,,,,,,,,,,,,,,,,,,,,,,,,,,,,,,,,,,,,,,,,,,,,,,,,,,,,,,,,,,,,,,,,,,,,,,,,,,,,,,,,,,,,,,,,,,,,,,,,,,,,,,,,,,,,,,,,,,,,,,,,,,,,,,,
,,,,,,,,,,,,,,,,,,,,,,,,,,,,,,,,,,,,,,,,,,,,,,,,,,,,,,,,,,,,,,,,,,,,,,,,,,,,,,,,,,,,,,,,,,,,,,,,,,,,,,,,,,,,,,,,,,,,,,,,,,,,,,,,,,,,,,,,,,,,,,,,,,,,,,,,,,,,,,,,,,,,,,,,,,,,,,,,,,,,,,,,,,,,,,,,,,,,,,,,,,,,,,,,,,,,,,,,,,,,,,,,,,,,,,,,,,,,3.030303e+00,,3.030303e+00,,,,,,,,,,,,,,,,,,,,,,,,,,,,,,,,,,,,,,,,,,,,,,,,,,,,,,,,,,,,,,,,,,,,,,,,,,,,,,,,,,,,,,,,,,,,,,,,,,,,,,,,,,,,,,,,,,,,,,,,,,,,,,,,,,,,,,,,,,,,,,,,,,,,,,,,,,,,,,,,,,,,,,,,,,,,,,,,,,,,,,,,,,,,,,,,,,,,,,,,,,,,,,,,,,,,,,,,,,,,,,,,,,,,,,,,,,,,,,,,,,,,,,,,,,,,,,,,,,,,,,,,,,,,,,,,,,,,,,,,,,,,,,,,,,,,,,,,,,,,,,,,,,,,,,,,,,,,,,,,,,,,,,,,,,,,,,,,,,,,,,,,,,,,,,,1.515152e+00,3.030303e+00,3.030303e+00,3.030303e+00,,,,,,,,,,,,,,,,,,,,,,,,,,,,,,,,,,,,,,,,,,,,,,,,,,,,,,,,,,,,,,,,,,,,,,,,,,,,,,,,,,,,,,,,,,,,,,,,,,,,,,,,,,,,,,,,,,,,,,,,,,,,,,,
,,,,,,,,,,,,,,,,,,,,,,,,,,,,,,,,,,,,,,,,,,,,,,,,,,,,,,,,,,,,,,,,,,,,,,,,,,,,,,,,,,,,,,,,,,,,,,,,,,,,,,,,,,,,,,,,,,,,,,,,,,,,,,,,,,,,,,,,,,,,,,,,,,,,,,,,,,,,,,,,,,,,,,,,,,,,,,,,,,,,,,,,,,,,,,,,,,,,,,,,,,,,,,,,,,,,,,,,,,,,,,,,,,,,,,,1.515152e+00,1.515152e+00,1.515152e+00,1.515152e+00,,,,,,,,,,,,,,,,,,,,,,,,,,,,,,,,,,,,,,,,,,,,,,,,,,,,,,,,,,,,,,,,,,,,,,,,,,,,,,,,,,,,,,,,,,,,,,,,,,,,,,,,,,,,,,,,,,,,,,,,,,,,,,,,,,,,,,,,,,,,,,,,,,,,,,,,,,,,,,,,,,,,,,,,,,,,,,,,,,,,,,,,,,,,,,,,,,,,,,,,,,,,,,,,,,,,,,,,,,,,,,,,,,,,,,,,,,,,,,,,,,,,,,,,,,,,,,,,,,,,,,,,,,,,,,,,,,,,,,,,,,,,,,,,,,,,,,,,,,,,,,,,,,,,,,,,,,,,,,,,,,,,,,,,,,,,,,,,,,,,,,,,,,,,,,,,,,,1.515152e+00,3.030303e+00,3.030303e+00,,,1.515152e+00,1.515152e+00,,,,,,,,,,,,,,,,,,,,,,,,,,,,,,,,,,,,,,,,,,,,,,,,,,,,,,,,,,,,,,,,,,,,,,,,,,,,,,,,,,,,,,,,,,,,,,,,,,,,,,,,,,,,,,,,,,,,,,,,,,,,
,,,,,,,,,,,,,,,,,,,,,,,,,,,,,,,,,,,,,,,,,,,,,,,,,,,,,,,,,,,,,,,,,,,,,,,,,,,,,,,,,,,,,,,,,,,,,,,,,,,,,,,,,,,,,,,,,,,,,,,,,,,,,,,,,,,,,,,,,,,,,,,,,,,,,,,,,,,,,,,,,,,,,,,,,,,,,,,,,,,,,,,,,,,,,,,,,,,,,,,,,,,,,,,,,,,,,,,,,,,,,,,,,,,,,,1.515152e+00,1.515152e+00,1.515152e+00,1.515152e+00,1.515152e+00,1.515152e+00,3.030303e+00,,,,,,,,,,,,,,,,,,,,,,,,,,,,,,,,,,,,,,,,,,,,,,,,,,,,,,,,,,,,,,,,,,,,,,,,,,,,,,,,,,,,,,,,,,,,,,,,,,,,,,,,,,,,,,,,,,,,,,,,,,,,,,,,,,,,,,,,,,,,,,,,,,,,,,,,,,,,,,,,,,,,,,,,,,,,,,,,,,,,,,,,,,,,,,,,,,,,,,,,,,,,,,,,,,,,,,,,,,,,,,,,,,,,,,,,,,,,,,,,,,,,,,,,,,,,,,,,,,,,,,,,,,,,,,,,,,,,,,,,,,,,,,,,,,,,,,,,,,,,,,,,,,,,,,,,,,,,,,,,,,,,,,,,,,,,,,,,,,,,,,,,,,,,,,,,,,,,,,1.515152e+00,3.030303e+00,,,,,,,,,,,,,,,,,,,,,1.515152e+00,,,,,,,,,,,,,,,,,,,,,,,,,,,,,,,,,,,,,,,,,,,,,,,,,,,,,,,,,,,,,,,,,,,,,,,,,,,,,,,,,,,,,,,,,,,,,,,,,,,,,,,
,,,,,,,,,,,,,,,,,,,,,,,,,,,,,,,,,,,,,,,,,,,,,,,,,,,,,,,,,,,,,,,,,,,,,,,,,,,,,,,,,,,,,,,,,,,,,,,,,,,,,,,,,,,,,,,,,,,,,,,,,,,,,,,,,,,,,,,,,,,,,,,,,,,,,,,,,,,,,,,,,,,,,,,,,,,,,,,,,,,,,,,,,,,,,,,,,,,,,,,,,,,,,,,,,,,,,,,,,,,,,,,,,,,,,,,,,,,,,,,,,,,,,,,,,,,,,,,,,,,,,,,,,,,,,,,,,,,,,,,,,,,,,,,,,,,,,,,,,,,,,,,,,,,,,,,,,,,,,,,,,,,,,,,,,,,,,,,,,,,,,,,,,,,,,,,,,,,,,,,,,,,,,,,,,,,,,,,,,,,,,,,,,,,,,,,,,,,,,,,,,,,,,,,,,,,,,,,,,,,,,,,,,,,,,,,,,,,,,,,,,,,,,,,,,,,,,,,,,,,,,,,,,,,,,,,,,,,,,,,,,,,,,,,,,,,,,,,,,,,,,,,,,,,,,,,,,,,,,,,,,,,,,,,,,,,,,,,,,,,,,,,,,,,,,,,,,,,,,,,,,,,,,,,,,,,,,,,,,,,,,,,,,,,,,,,,,,,,,,,,,,,,,,,,,,,,,,,1.515152e+00,,,,,,,,,,,,,,,,,,,,,,,,,,,,,,,,,,,,,,,,,,,,,,,,,,,,,,,,,,,,,,,,,,,,,,,,,,,,,,,,,,,,,,,,,,,,,,,,,,,,,,,,
,,,,,,,,,,,,,,,,,,,,,,,,,,,,,,,,,,,,,,,,,,,,,,,,,,,,,,,,,,,,,,,,,,,,,,,,,,,,,,,,,,,,,,,,,,,,,,,,,,,,,,,,,,,,,,,,,,,,,,,,,,,,,,,,,,,,,,,,,,,,,,,,,,,,,,,,,,,,,,,,,,,,,,,,,,,,,,,,,,,,,,,,,,,,,,,,,,,,,,,,,,,,,,,,,,,,,,,,,,,,,,,,,,,,,,,,,,,,,,,,,,,,,,,,,,,,,,,,,,,,,,,,,,,,,,,,,,,,,,,,,,,,,,,,,,,,,,,,,,,,,,,,,,,,,,,,,,,,,,,,,,,,,,,,,,,,,,,,,,,,,,,,,,,,,,,,,,,,,,,,,,,,,,,,,,,,,,,,,,,,,,,,,,,,,,,,,,,,,,,,,,,,,,,,,,,,,,,,,,,,,,,,,,,,,,,,,,,,,,,,,,,1.515152e+00,1.515152e+00,1.515152e+00,,,,,,,,,,,,,,,,,,,,,,,,,,,,,,,,,,,,,,,,,,,,,,,,,,,,,,,,,,,,,,,,,,,,,,,,,,,,,,,,,,,,,,,,,,,,,,,,,,,,,,,,,,,,,,,,,,,,,,,,,,,,,,,,,,,,,,,,,,,,,,,,,,,,,,,,,,,,,,,,,,,,1.515152e+00,,,,,,3.030303e+00,5.204216e+00,,,,,,,,,,,,,,,,,,,,,,,,,,,,,,,,,,,,,,,,,,,,,,,,,,,,,,,,,,,,,,,,,,,,,,,,,,,,,,,,,,,,,,,,,,,,,,,,,,,,,,,
,,,,,,,,,,,,,,,,,,,,,,,,,,,,,,,,,,,,,,,,,,,,,,,,,,,,,,,,,,,,,,,,,,,,,,,,,,,,,,,,,,,,,,,,,,,,,,,,,,,,,,,,,,,,,,,,,,,,,,,,,,,,,,,,,,,,,,,,,,,,,,,,,,,,,,,,,,,,,,,,,,,,,,,,,,,,,,,,,,,,,,,,,,,,,,,,,,,,,,,,,,,,2.173913e+00,,,,,,,,,,,,,,,,,,,,,,,,,,,,,,,,,,,,1.515152e+00,1.515152e+00,,,,,,,,,,,,,,,,,,,,,,,,,,,,,,,,,,,,,,,,,,,,,,,,,,,,,,,,,,,,,,,,,,,,,,,,,,,,,,,,,,,,,,,,,,,,,,,,,,,,,,,,,,,,,,,,,,,,,,,,,,,,,,,,,,,,,,,,,,,,,,,,,,,,,,,,,,,,,,,,,,,,,,,,,,,,,,,,,,,,,,,,,,,,,,,,,,,,,,,,,,1.515152e+00,,1.515152e+00,,,,,,,,,,,,,,,,,,,,,,,,,,,,,,,,,,,,,,,,,,,,,,,,,,,,,,,,,,,,,,,,,,,,,,,,,,,,,,,,,,,,,,,,,,,,,,,,,,,,,,,,,,,,,,,,,,,,,,,,,,,,,,,,,,,,,,,,,,,,,,,,,,,,,,,,,,,,,,,,1.515152e+00,1.515152e+00,1.515152e+00,,,,,,,,1.515152e+00,,,,,,,,,,,,,,,,,,,,,,,,,,,,,,,,,,,,,,,,,,,,,,,,,,,,,,,,,,,,,,,,,,,,,,,,,,,,,,,,,,,,,,,,,,,,,,,,,,,,,,,,
,,,,,,,,,,,,,,,,,,,,,,,,,,,,,,,,,,,,,,,,,,,,,,,,,,,,,,,,,,,,,,,,,,,,,,,,,,,,,,,,,,,,,,,,,,,,,,,,,,,,,,,,,,,,,,,,,,,,,,,,,,,,,,,,,,,,,,,,,,,,,,,,,,,,,,,,,,,,,,,,,,,,,,,,,,,,,,,,,,,,,,,,,,,,,,,,,,,,,,,,,,,4.347826e+00,,,,,,,,,,,,,,,,,,,,,,,,,,,,,,,,,,,1.515152e+00,1.515152e+00,1.515152e+00,1.515152e+00,,,,,,,,,,,,,,,,,,,,,,,,,,,,,,,,,,,,,,,,,,,,,,,,,,,,,,,,,,,,,,,,,,,,,,,,,,,,,,,,,,,,,,,,,,,,,,,,,,,,,,,,,,,,,,,,,,,,,,,,,,,,,,,,,,,,,,,,,,,,,,,,,,,,,,,,2.173913e+00,,,,,,,,,,,,,,,,,,,,,,,,,,,,,,,,,,,,,,,,,,,,,,,,,,1.515152e+00,1.515152e+00,1.515152e+00,,,,,,,,,,,,,,,,,,,,,,,,,,,,,,,,,,,,,,,,,,,,,,,,,,,,,,,,,,,,,,,,,,,,,,,,,,,,,,,,,,,,,,,,,,,,,,,,,,,,,,,,,,,,,,,,,,,,,,,,,,,,,,,,,,,,,,,,,,,,,,,,,,,,,,,,,,,,,,,,,,,,,,,,,,1.515152e+00,,,,,,,,,,,,,,,,,,,,,,,,,,,,,,,,,,,,,,,,,,,,,,,,,,,,,,,,,,,,,,,,,,,,,,,,,,,,,,,,,,,,,,,,,,,,,,,,,,,,,,,,
,,,,,,,,,,,,,,,,,,,,,,,,,,,,,,,,,,,,,,,,,,,,,,,,,,,,,,,,,,,,,,,,,,,,,,,,,,,,,,,,,,,,,,,,,,,,,,,,,,,,,,,,,,,,,,,,,,,,,,,,,,,,,,,,,,,,,,,,,,,,,,,,,,,,,,,,,,,,,,,,,,,,,,,,,,,,,,,,,,,,,,,,,,,,,,,,,,,,,,,,,,,,,,,,,,,,,,,,,,,,,,,,,,,,,,,,,,,,,,,,,,,,,,,,,,,,,,2.173913e+00,,,,,,,,,,,,,,,,,,,,,,,,,,,,,,,,,,,,,,,,,,,,,,,,,,,,,,,,,,,,,,,,,,,,,,,,,,,,,,,,,,,,,,,,,,,,,,,,,,,,,,,,,,,,,,,,,,,,,,,,,,,,,,,,,,,,,,,,,,,,,,,,,,,,,,,,,,,,,,,,,,,,,,,,,,,,,,,,,,,,,,,,,,,,,,,,,,,,,,,,,,,,,,,,,,,,,,,,,,,,,,,,,,,,,,,,,,,,,,,,,,,,,,,,,,,,,,,,,,,,,,,,,,,,,,,,,,,,,,,,,,,,,,,,,,,,,,,,,,,,,,,,,,,,,,,,,,,,,,,,,,,,,,,,,,,,,,,,,,,,,,,,,,,,,,,,,,,,,,,,,,,,,,,,3.030303e+00,,,,,,,,,,,,,,,,,,,,,,,,,,,,,,,,,,,,,,,,,,,,,,,,,,,,,,,,,,,,,,,,,,,,,,,,,,,,,,,,,,,,,,,,,,,,,,,,,
,,,,,,,,,,,,,,,,,,,,,,,,,,,,,,,,,,,,,,,,,,,,,,,,,,,,,,,,,,,,,,,,,,,,,,,,,,,,,,,,,,,,,,,,,,,,,,,,,,,,,,,,,,,,,,,,,,,,,,,,,,,,,,,,,,,,,,,,,,,,,,,,,,,,,,,,,,,,,,,,,,,,,,,,,,,,,,,,,1.515152e+00,,,,,,,,,,,,,,,,,,,,,,,1.515152e+00,,,,,,,,,,,,,,,,,,,,,,,,,,,,,,,,,,,,,,,,,,,,,,,,,,,,,,,,,,,,,,,,,,,,,,,,,,,,,,,,,,,,,,,,,,,,,,,,,,,,,,,,,,,,,,,,,,,,,,,,,,,,,,,,,,,,,,,,,,,,,,,,,,,,,,,,,,,,,,,,,,,,,,,,,,,,,,,,,,,,,,,,,,,,,,,,,,,,,,,,,,,,,,,,,,,,,,,,,,,,,,,,,,,,,,,,,,,,,,,,,,,,,,,,,,,,,,,,,,,,,,,,,,,,,,,,,,,,,,,,,,,,,,,,,,,,,,,,,,,,,,,,,,,,,,,,,,,,,,,,,,,,,,,,,,,,,,,,,,,,,,,,,,,,,,,,,,,,,,,,,,,,,,,,,,,,,,,,,,,,,,,,,,,,,,,,,,,,,,,,,,,,,,,,,,,,,,,,,,,,,,,1.515152e+00,1.515152e+00,1.515152e+00,1.515152e+00,1.515152e+00,,,,,,,,,,,,,,,,,,,,,,,,,,,,,,,,,,,,,,,,,,,,,,,,,,,,,,,,,,,,,,,,,,,,,,,,,,,,,,,,,,,,,,,,,,,,
,,,,,,,,,,,,,,,,,,,,,,,,,,,,,,,,,,,,,,,,,,,,,,,,,,,,,,,,,,,,,,,,,,,,,,,,,,,,,,,,,,,,,,,,,,,,,,,,,,,,,,,,,,,,,,,,,,,,,,,,,,,,,,,,,,,,,,,,,,,,,,,,,,,,,,,,,,,,,,,,,,,,,,,,,,,,,,,,,,,,,,,,,,,,,,,,,,,,,,,,,,,,,,,,,,,,,,,,,,,,,,,,,,,,,,,,,,,,,,,,,,,,,,,,,,,,,2.173913e+00,,,,,,,,,,,2.173913e+00,2.173913e+00,,1.515152e+00,1.515152e+00,,,,,,,,,,,,,,,,,,,,,,,,,,,,,,,,,,,,,,,,,,,,,,,,,,,,,,,,,,,,,,,,,,,,,,,,,,,,,,,,,,,,,,,,,,,,,,,,,,,,,,,,,,,,,,,,,,,,,,,,,,,,,,,,,,,,,,,,,,,,,,,,,,,,,,,,,,,,,,1.515152e+00,,,,,,,,,,,,,,,,,,,,,,,,,,,,,,,,,,,,,,,,,,,,,,,,,,,,,,,,,,,,,,,,,,,,,,,,,,,,,,,,,,,,,,,,,,,,,,,,,,,,,,,,,,,,,,,,,,,,,,,,,,,,,,,,,,,,,,,,,,,,,,,,,,,,,,,,,,,,,,,,,,,,,,,,,,,,,,,,,,,,,,,,,,,,,,,,,,,,1.515152e+00,1.515152e+00,,,1.515152e+00,,,,,,,,,,,,,,,,,,,,,,,,,,,,,,,,,,,,,,,,,,,,,,,,,,,,,,,,,,,,,,,,,,,,,,,,,,,,,,,,,,,,,,,,,,,,,
,,,,,,,,,,,,,,,,,,,,,,,,,,,,,,,,,,,,,,,,,,,,,,,,,,,,,,,,,,,,,,,,,,,,,,,,,,,,,,,,,,,,,,,,,,,,,,,,,,,,,,,,,,,,,,,,,,,,,,,,,,,,,,,,,,,,,,,,,,,,,,,,,,,,,,,,,,,,,,,,,,,,,,,,,,,,,,,,,,,,,,,,,,,,,,,,,,,,,,,,,,,,,,,,,,,,,,,,,,,,,,,,,,,,,,,,,,,,,,,,,,,,,,,,,,,,,,,,,,,,,,,,,,,,,,,,,,,,,,,,,,,,,,,,,,,,,,,,,,,,,,,,,,,,,,,,,,,,,,,,,,,,,,,,,,,,,,,,,,,,,,,,,,,,,,,,,,,,,,,,,,,,,,,,,,,,,,,,,,,,,,,,,,,,,,,,,,,,,,,,,,,,,,,,,,,,,,,,,,,,,,,,,,,,,,,,,,,,,,,,,,,,,,,,,,,,,,,,,,,,,,,,,,,,,,,,,,,,,,,,,,,,,,,,,,,,,,,,,,,,,,,,,,,,,,,,,,,,,,,,,,,,,,,,,,,,,,,,,,,,,,,,,,,,,,,,,,,,,,,,,,,,,,,,,,,,,,,,,,,,,,,,,,,,,,,,,,,,,,,,,,,,,,,,,,,,,,,,,,,,,,,,,,,,,,,,,,,,,,,,,,,,,,,,,,,,,,,,,,,,,,,,,,,,,,,,,,,,,,,,,,,,,,,,,,,,,,,,,,,,,,,,,,,,,,,,,,,,,,,
,,,,,,,,,,,,,,,,,,,,,,,,,,,,,,,,,,,,,,,,,,,,,,,,,,,,,,,,,,,,,,,,,,,,,,,,,,,,,,,,,,,,,,,,,,,,,,,,,,,,,,,,,,,,,,,,,,,,,,,,,,,,,,,,,,,,,,,,,,,,,,,,,,,,,,,,,,,,,,,,,,,,,,,,,,,,,,,,,,,,,,,,,,,,,,,,,,,,,,,,,,,,,,,,,,,,,,,,,,,,,,,,,,,,,,,,,,,,,,,,,,,,,,,,,,,,,,,,,,,,,,,,,,,,,,,,,,,,,,,,,,,,,,,,,,,,,,,,,,,,,,,,,,,,,,,,,,,,,,,,,,,,,,,,,,,,,,,,,,,,,,,,,,,,,,,,,,,,,,,,,,,,,,,,,,,,,,,,,,,,,,,,,,,,,,,,,,,,,,,,,,,,,,,,,,,,,,,,,,,,,,,,,,,,,,,,,,,,,,,,,,,,,,,,,,,,,,,,,,,,,,,,,,,,,,,,,,,,,,,,,,,,,,,,,,,,,,,,,,,,,,,,,,,,,,,,,,,,,,,,,,,,,,,,,,,,,,,,,,,,,,,,,,,,,,,,,,,,,,,,,,,,,,,,,,,,,,,,,,,,,,,,,,,,,,,,,,,,,,,,,,,,,,,,,,,,,,,,,,,,,,,,,,,,,,,,,,,,,,,,,,,,,,,,,,,,,,,,,,,,,,,,,,,,,,,,,,,,,,,,,,,,,,,,,,,,,,,,,,,,,,,,,,,,,,,,,,,,,,,
,,,,,,,,,,,,,,,,,,,,,,,,,,,,,,,,,,,,,,,,,,,,,,,,,,,,,,,,,,,,,,,,,,,,,,,,,,,,,,,,,,,,,,,,,,,,,,,,,,,,,,,,,,,,,,,,,,,,,,,,,,,,,,,,,,,,,,,,,,,,,,,,,,,,,,,,,,,,,,,,,,,,,,,,,,,,,,,,,,,,,,,,,,,,,,,,,,,,,,,,,,,,,,,,,,,,,,,,,,,,,,,,,,,,,,,,,,,,,,,,,,,,,,,,,,,,,,,,,,,,,,,,,,,,,,,,,,,,,,,,,,,,,,,,,,,,,,,,,,,,,,,,,,,,,,,,,,,,,,,,,,,,,,,,,,,,,,,,,,,,,,,,,,,,,,,,,,,,,,,,,,,,,,,,,,,,,,,,,,,,,,,,,,,,,,,,,,,,,,,,,,,,,,,,,,,,,,,,,,,,,,,,,,,,,,,,,,,,,1.515152e+00,1.515152e+00,,,,,,,,,,,,,,,,,,,,,,,,,,,,,,,,,,,,,,,,,,,,,,,,,,,,,,,,,,,,,,,,,,,,,,,,,,,,,,,,,,,,,,,,,,,,,,,,,,,,,,,,,,,,,,,,,,,,,,,,,,,,,,,,,,,,,,,,,,,,,,,,,,,,,,,,,,,,,,,,,,,,,,,,,,,,,,,,,,,,,,,,,,,,,,,,,,,,,,,,,,,,,,,,,,,,,,,,,,,,,,,1.515152e+00,,,,,,,,,,,,,,,,,,,,,,,,,,,,,,,,,,,,,,,,,,,,,,,,,,,,,,,,,,
,,,,,,,,,,,,,,,,,,,,,,,,,,,,,,,,,,,,,,,,,,,,,,,,,,,,,,,,,,,,,,,,,,,,,,,,,,,,,,,,,,,,,,,,,,,,,,,,,,,,,,,,,,,,,,,,,,,,,,,,,,,,,,,,,,,,,,,,,,,,,,,,,,,,,,,,,,,,,,,,,,,,,,,,,,,,,,,,,,,,,,,,,,,,,,,,,,,,,,,,,,,,,,,,,,,,,,,,,,,,,,,,,,,,,,,,,,,,,,,,,,,,,,,,,,,,,,,,,,,,,,,,,,,,,,,,,,,,,,,,,,,,,,,,,,,,,,,,,,,,,,,,,,,,,,,,,,,,,,,,,,,,,,,,,,,,,,,,,,,,,,,,,,,,,,,,,,,,,,,,,,,,,,,,,,,,,,,,,,,,,,,,,,,,,,,,,,,,,,,,,,,,,,,,,,,,,,,,,,,,,,,,,,,,,,,,,,,,,1.515152e+00,,,,,,,,,,,,,,,,,,,,,,,,,,,,,,,,,,,,,,,,,,,,,,,,,,,,,,,,,,,,,,,,,,,,,,,,,,,,,,,,,,,,,,,,,,,,,,,,,,,,,,,,,,,,,,,,,,,,,,,,,,,,,,,,,,,,,,,,,,,,,,,,,,,,,,,,,,,,,,,,,,,,,,,,,,,,,,,,,,,,,,,,,,,,,,,,,,,,,,,,,,,,,,,,,,,,,,,,,,,,,,,,,,,,,,,,,,,,,,,,,,,,,,,,,,,,,,,,,,,,,,,,,,,,,,,,,,,,,,,,,,
,,,,,,,,,,,,,,,,,,,,,,,,,,,,,,,,,,,,,,,,,,,,,,,,,,,,,,,,,,,,,,,,,,,,,,,,,,,,,,,,,,,,,,,,,,,,,,,,,,,,,,,,,,,,,,,,,,,,,,,,,,,,,,,,,,,,,,,,,,,,,,,,,,,,,,,,,,,,,,,,,,,,,,,,,,,,,,,,,,,,,,,,,,,,,,,,,,,,,,,,,,,,,,,1.515152e+00,1.515152e+00,,,,,,,,,,,,,,,,,,,,,,,,,,,,,,,,,,,,,,,,,,,,,,,,,,,,,,,,,,,,,,,,,,,,,,,,,,,,,,,,,,,,,,,,,,,,,,,,,,,,,,,,,,,,,,,,,,,,,,,,,,,,,,,,,,,,,,,,,,,,,,,,,,,,,,,,,,,,,,,,,,,,,,,,,,,,,,,,,,,,,,,,,,,,,,,,,,,,,,,,,,,,,,,,,,,,,,,,,,,,,,,,,,,,,,,1.515152e+00,,,,,,,,,,,,,,,,,,,,,,,,,,,,,,,,,,,,,,,,,,,,,,,,,,,,,,,,,,,,,,,,,,,,,,,,,,,,,,,,,,,,,,,,,,,,,,,,,,,,,,,,,,,,,,,,,,,,,,,,,,,,,,,,,,,,,,,,,,,,,,,,,,,,,,,,,,,,,,,,,,,,,,,,,,,,,,,,,,,,,,,,,,,,,,,,,,,,,,,,,,,,,,,,,,,,,,,,,,,,,,,,,,,,,,,,,,,,,,,,,,,,,,,,,,,,,,,,,,,,,,,,,,,,,,,,,,,,,,,,
,,,,,,,,,,,,,,,,,,,,,,,,,,,,,,,,,,,,,,,,,,,,,,,,,,,,,,,,,,,,,,,,,,,,,,,,,,,,,,,,,,,,,,,,,,,,,,,,,,,,,,,,,,,,,,,,,,,,,,,,,,,,,,,,,,,,,,,,,,,,,,,,,,,,,,,,,,,,,,,,,,,,,,,,,,,,,,,,,,,,,,,,,,,,,,,,,,,,,,,,,,,,,,,,4.347826e+00,,,,,,,,,,,,,,,,,,,,,,,,,,,,,,,,,,,,,,,,,,,,,,,,,,,,,,,,,,,1.515152e+00,1.515152e+00,1.515152e+00,1.515152e+00,1.515152e+00,1.515152e+00,1.515152e+00,1.515152e+00,1.515152e+00,1.515152e+00,1.515152e+00,1.515152e+00,1.515152e+00,1.515152e+00,,,,,,,,,,,,,,,,,,,,,,,,,,,,,,,,,,,,,,,,,,,,,,,,,,,,,,,,,,,,,,,,,,,,,,,,,,,,,,,,,,,,,,,,,,,,,,,,,,,,,,,,,,,,,,,,,,,,,,,,,,,,,,,,,,,,,,,,,,,,,,,,,,,,,,,,,,,,,,1.515152e+00,,,,,,,,,,,,,,,,,,,,,,,,,,,,,,,,,,,,,,,,,,,,,,,,,,,,,,,,,,,,,,,,,,,,,,,,,,,,,,,,,,,,,,,,,,,,,,,,,,,,,,,,,,,,,,,,,,,,,,,,,,,,,,,,,,,,,,,,,,,,,,,,,,,,,,,,,,,,,,,,,,,,,,,,,,,,,,,,,,,,,,,,,,,,,,,,,,,,,,,,,,,,,,,,,,,,,,,,,,,,,,,,,,,,,,,,,,,,,,,,,,,,,,,,,,,,,,,,,,,,,,,,,,,,,,,,,,,,,,,,,
,,,,,,,,,,,,,,,,,,,,,,,,,,,,,,,,,,,,,,,,,,,,,,,,,,,,,,,,,,,,,,,,,,,,,,,,,,,,,,,,,,,,,,,,,,,,,,,,,,,,,,,,,,,,,,,,,,,,,,,,,,,,,,,,,,,,,,,,,,,,,,,,,,,,,,,,,,,,,,,,,,,,,,,,,,,,,,,,,,,,,,,,,,,,,,,,,,,,,,,,,,,,,,,,2.173913e+00,,,,,,,,,,,,,,,,,,,,,,,,,,,,,,,,,,,,,,,,,,,,,,,,,,,,,,,,,,,,,,,,,,1.515152e+00,1.515152e+00,1.515152e+00,1.515152e+00,1.515152e+00,1.515152e+00,1.515152e+00,,,,,,,,,,,,,,,,,,,,,,,,,,,,,,,,,,,,,,,,,,,,,,,,,,,,,,,,,,,,,,,,,,,,,,,,,,,,,,,,,,,,,,,,,,,,,,,,,,,,,,,,,,,,,,,,,,,,,,,,,,,,,,,,,,,,,,,,,,,,,,,,,,,,,,,,,,,1.515152e+00,1.515152e+00,,,,,,,,,,,,,,,,,,,,,,,,,,,,,,,,,,,,,,,,,,,,,,,,,,,,,,,,,,,,,,,,,,,,,,,,,,,,,,,,,,,,,,,,,,,,,,,,,,,,,,,,,,,,,,,,,,,,,,,,,,,,,,,,,,,,,,,,,,,,,,,,,,,,,,,,,,,,,,,,,,,,,,,,,,,,,,,,,,,,,,,,,,,,,,,,,,,,,,,,,,,,,,,,,,,,,,,,,,,,,,,,,,,,,,,,,,,,,,,,,,,,,,,,,,,,,,,,,,,,,,,,,,,,,,,,,,,,,,,,,,,
,,,,,,,,,,,,,,,,,,,,,,,,,,,,,,,,,,,,,,,,,,,,,,,,,,,,,,,,,,,,,,,,,,,,,,,,,,,,,,,,,,,,,,,,,,,,,,,,,,,,,,,,,,,,,,,,,,,,,,,,,,,,,,,,,,,,,,,,,,,,,,,,,,,,,,,,,,,,,,,,,,,,,,,,,,,,,,,,,,,,,,,,,,,,,,,,,,,,,,,,,,,,,,,,,,,,,,,,,,,,,,,,,,,,,,,,,,,,,,,,,,,,,,,,,,,,,,,,,,,,,,,,,,,,1.515152e+00,,,,,,1.515152e+00,1.515152e+00,1.515152e+00,1.515152e+00,,1.515152e+00,1.515152e+00,,,,,,,,,,,,,,,,,,,,,,,,,,,,,,,,,,,,,,,,,,,,,,,,,,,,,,,,,,,,,,,,,,,,,,,,,,,,,,,,,,,,,,,,,,,,,,,,,,,,,,,,,,,,,,,,,,,,,,,,,,,,,,,,,,,,,,,,,,,,,,,,,,,,,,,,,,,,,,,,,,,,,,,,,,,,,,,,,,,,,,,,,,,,,,,,,,,,,,,,,,,,,,,,,,,,,,,,,,,,,,,,,,,,,,,,,,,,,,,,,,,,,,,,,,,,,,,,,,,,,,,,,,,,,,,,,,,,,,,,,,,,,,,,,,,,,,,,,,,,,,,,,,,,,,,,,,,,,,,,,,,,,,,,,,,,,,,,,,,,,,,,,,,,,,,,,,,,,,,,,,,,,,,,,,,,,,,,,,,,,,,,,,,,,,,,,,,,,,,,,,,,,,,,,,,,,,,,,,,,,,,,,,,,,,,,,,,,,,,
,,,,,,,,,,,,,,,,,,,,,,,,,,,,,,,,,,,,,,,,,,,,,,,,,,,,,,,,,,,,,,,,,,,,,,,,,,,,,,,,,,,,,,,,,,,,,,,,,,,,,,,,,,,,,,,,,,,,,,,,,,,,,,,,,,,,,,,,,,,,,,,,,,,,,,,,,,,,,,,,,,,,,,,,,,,,,,,,,,,,,,,,,,,,,,,,,,,,,,,,,,,,,,,,3.689065e+00,2.173913e+00,2.173913e+00,2.173913e+00,2.173913e+00,,,,,,,,,,,,,,,,,,,,,,,,,,,,,,,,,,,,,,,,,,,,,,,,,,,,,,,,,,,,,,,,,,,,,,,1.515152e+00,1.515152e+00,1.515152e+00,,,,,,,,,,,,,,,,,,,,,,,,,,,,,,,,,,,,,,,,,,,,,,,,,,,,,,,,,,,,,,,,,,,,,,,,,,,,,,,,,,,,,,,,,,,,,,,,,,,,1.515152e+00,,,,,,,,,,,,,,,,,,,,,,,,,,,,,,,,,,,,,,,,,,,,,,,,,,,,,,,,,,,,,,,,,,,,,,,,,,,,,,,,,,,,,,,,,,,,,,,,,,,,,,,,,,,,,,,,,,,,,,,,,,,,,,,,,,,,,,,,,,,,,,,,,,,,,,,,,,,,,,,,,,,,,,,,,,,,,,,,,,,,,,,,,,,,,,,,,,,,,,,,,,,,,,,,,,,,,,,,,,,,,,,,,,,,,,,,,,,,,,,,,,,,,,,,,,,,,,,,,,,,,,,,,,,,,,,,,,,,,,,,,,,,,,,,,,,,,,,,,,,,,,,,,,,,,,,,,,,,,,,,,,,,,,,,,,,,,,
,,,,,,,,,,,,,,,,,,,,,,,,,,,,,,,,,,,,,,,,,,,,,,,,,,,,,,,,,,,,,,,,,,,,,,,,,,,,,,,,,,,,,,,,,,,,,,,,,,,,,,,,,,,,,,,,,,,,,,,,,,,,,,,,,,,,,,,,,,,,,,,,,,,,,,,,,,,,,,,,,,,,,,,,,,,,,,,,,,,,,,,,,,,,,,,,,,,,,,,,,,,,,,,8.036890e+00,5.862978e+00,8.036890e+00,8.036890e+00,8.036890e+00,8.036890e+00,,,,,,,,,,,,,,,,,,,,,,,,,,,,,,,,,,,,,,,1.515152e+00,1.515152e+00,1.515152e+00,1.515152e+00,1.515152e+00,1.515152e+00,1.515152e+00,,,,,,,,,,,,,,,,,,,,,,,,1.515152e+00,,,,,,,,,,,,,,,,,,,,,,,,,,,,,,,,,,,,,,,,,,,,,,,,,,,,,,,,,,,,,,,,,,,,,,,,,,,,,,,,,,,,,,,,,,,,,,,,,,,,,,,,2.173913e+00,,,,,,,,,,,,,,,,,,,,,,,,,,,,,,,,,,,,,,,1.515152e+00,,1.515152e+00,1.515152e+00,,,,,,,,,,,,,,,,,,,,,,,,,,,,,,,,,,,,,,,,,,,,,,,,,,,,,,,,,,,,,,,,,,,,,,,,,,,,,,,,,,,,,,,,,,,,,,,,,,,,,,,,,,,,,,,,,,,,,,,,,,,,,,,,,,,,,,,,,,,,,,,,,,,,,,,,,,,,,,,,,,,,,,,,,,,,,,,,,,,,,,,,,,,,,,,,,,,,,,,,,,,,,,,,,,,,,,,,,,,,,,,,,,,,,,,,,,,,,,,,,,,,,,,,,,,,,,,,,,,,,,,,,,,,,,,,,,,,,,,,,,,,,,,,,,,,
,,,,,,,,,,,,,,,,,,,,,,,,,,,,,,,,,,,,,,,,,,,,,,,,,,,,,,,,,,,,,,,,,,,,,,,,,,,,,,,,,,,,,,,,,,,,,,,,,,,,,,,,,,,,,,,,,,,,,,,,,,,,,,,,,,,,,,,,,,,,,,,,,,,,,,,,,,,,,,,,,,,,,,,,,,,,,,,,,,,,,,,,,,,,,,,,,,,,,,,,,,,,,,,1.673254e+01,1.021080e+01,8.036890e+00,8.036890e+00,8.036890e+00,8.036890e+00,,,,,,,,,,,,,,,,,,,,,,,,,,,,,,,,,,,,,,,1.515152e+00,1.515152e+00,1.515152e+00,1.515152e+00,1.515152e+00,1.515152e+00,1.515152e+00,,,,,,,,,,,,,,,,,,,,,,1.515152e+00,,,,,,,,,,,,,,,,,,,,,,,,,,,,,,,,,,,,,,,,,,,,,,,,,,,,,,,,,,,,,,,,,,,,,,,,,,,,,,,,,,,,,,,,,,,,,,,,,,,,,,,,,,,,,,,,,,,,,,,,,,,,,,,,,,,,,,,,,,,,,,,,,,1.515152e+00,,,,,,,,,,,,,,,,,,,,,,,,,,,,,,,,,,,,,,,,,,,,,,,,,,,,,,,,,,,,,,,,,,,,,,,,,,,,,,,,,,,,,,,,,,,,,,,,,,,,,,,,,,,,,,,,,,,,,,,,,,,,,,,,,,,,,,,,,,,,,,,,,,,,,,,,,,,,,,,,,,,,,,,,,,,,,,,,,,,,,,,,,,,,,,,,,,,,,,,,,,,,,,,,,,,,,,,,,,,,,,,,,,,,,,,,,,,,,,,,,,,,,,,,,,,,,,,,,,,,,,,,,,,,,,,,,,,,,,,,,,,,,,,,,,,,,,
,,,,,,,,,,,,,,,,,,,,,,,,,,,,,,,,,,,,,,,,,,,,,,,,,,,,,,,,,,,,,,,,,,,,,,,,,,,,,,,,,,,,,,,,,,,,,,,,,,,,,,,,,,,,,,,,,,,,,,,,,,,,,,,,,,,,,,,,,,,,,,,,,,,,,,,,,,,,,,,,,,,,,,,,,,,,,,,,,,,,,,,,,,,,,,,,,,,,,,,,,,,,,,,1.890646e+01,1.455863e+01,1.238472e+01,1.238472e+01,8.036890e+00,8.036890e+00,,,,,,,,,,,,,,,,,,,,,,,,,,,,,,,,,,,,,,,1.515152e+00,1.515152e+00,1.515152e+00,1.515152e+00,1.515152e+00,1.515152e+00,1.515152e+00,,,,,,,,,,,,,,,,,,,,,,1.515152e+00,,,,,1.515152e+00,1.515152e+00,,,,,,,,,,,,,,,,,,,,,,,,,,,,,,,,,,,,,,,,,,,,,,,,,,,,,,,,,,,,,,,,,,,,,,,,,,,,,,,,,,,,,,,,,,,,,,,,,,,,,,,,,,,,,,,,,,,,,,,,,,,,,,,,,,,,,,,,,,,,,,,,,,,,,,,,,,,,,,,,,,,,,,,,,,,,,,,,,,,,,,,,,,,,,,,,,,,,,,,,,,,,,,,,,,,,,,,,,,,,,,,,,,,,,,,,,,,,,,,,,,,,,,,,,,,,,,,,,,,,,,,,,,,,,,,,,,,,,,,,,,,,,,,,,,,,,,,,,,,,,,,,,,,,,,,,,,,,,,,,,,,,,,,,,,,,,,,,,,,,,,,,,,,,,,,,,,,,,,,,,,,,,,,,,,,,,,,,,,,,,,,,,,,,,,,,,,,,,,,,,,,,,,,,,,,,,,,,,,,,,,,,,,,,,,,,,,
,,,,,,,,,,,,,,,,,,,,,,,,,,,,,,,,,,,,,,,,,,,,,,,,,,,,,,,,,,,,,,,,,,,,,,,,,,,,,,,,,,,,,,,,,,,,,,,,,,,,,,,,,,,,,,,,,,,,,,,,,,,,,,,,,,,,,,,,,,,,,,,,,,,,,,,,,,,,,,,,,,,,,,,,,,,,,,,,,,,,,,,,,,,,,,,,,,,,,,,,,,,,,,,,,,,,,,,,,,,,,,,,,,,,,,,,,,,,,,,,,,,,,,,,,,,,,,,,,,,,,,,,,,,1.515152e+00,,1.515152e+00,1.515152e+00,1.515152e+00,,1.515152e+00,1.515152e+00,,1.515152e+00,1.515152e+00,1.515152e+00,1.515152e+00,,,,,,,,,,,,,,,,,,,,,,,,,,,,,,,,,,,,,,,,,,,,,,,,,,,,,,,,,,,,,,,,,,,,,,,,,,,,,,,,,,,,,,,,,,,,,,,,,,,,,,,,,,,,,,,,,,2.173913e+00,,,,,,,,,,,,,,,,,,,,,,,,,,,,,,,,,,,,1.515152e+00,,,,,,,,,,,,,,,,,,,,,,,,,,,,,,,,,,,,,,,,,,,,,,,,,,,,,,,,,,,,,,,,,,,,,,,,,,,,,,,,,,,,,,,,,,,,,,,,,,,,,,,,,,,,,,,,,,,,,,,,,,,,,,,,,,,,,,,,,,,,,,,,,,,,,,,,,,,,,,,,,,,,,,,,,,,,,,,,,,,,,,,,,,,,,,,,,,,,,,,,,,,,,,,,,,,,,,,,,,,,,,,,,,,,,,,,,,,,,,,,,,,,,,,,,,,,,,,,,,,,,,,,,,,,,,,,,,,,,,,,,,,,,,,,,,
,,,,,,,,,,,,,,,,,,,,,,,,,,,,,,,,,,,,,,,,,,,,,,,,,,,,,,,,,,,,,,,,,,,,,,,,,,,,,,,,,,,,,,,,,,,,,,,,,,,,,,,,,,,,,,,,,,,,,,,,,,,,,,,,,,,,,,,,,,,,,,,,,,,,,,,,,,,,,,,,,,,,,,,,,,,,,,,,,,,,,,,,,,,,,,,,,,,,,,,,,,,,,,,,,,,,,,,,,,,,,,,,,,,,,,,,,,,,,,,,,,,,,,,,,,,,,,,,,,1.515152e+00,,,,,,,,,2.173913e+00,2.173913e+00,2.173913e+00,3.689065e+00,,,3.689065e+00,,1.515152e+00,,1.515152e+00,,1.515152e+00,1.515152e+00,,,,,,,,,,,,,,,,,,,,,,,,,,,,,,,,,,,,,,,,,,,,,,,,,,,,,,,,,,,,,,,,,,,,,,,,,,,,,,,,,,,,,,,,,,,,,,,,,,,,,,,,,,,,,,,,2.173913e+00,2.173913e+00,,,,,,,,,,,,,,,,,,,,,,,,,,,,,,,,,,,,,,,,,,,,,,,,,,,,,,,,,,,,,,,,,,,,,,,,,,,,,,,,,,,,,,,,,,,,,,,,,,,,,,,,,,,,,,,,,,,,,,,,,,,,,,,,,,,,,,,,,,,,,,,,,,,,,,,,,,,,,,,,,,,,,,,,,,,,,,,,,,,,,,,,,,,,,,,,,,,,,,,,,,,,,,,,,,,,,,1.515152e+00,1.515152e+00,,,,,,,,,,,,,,,,,,,,,,,,,,,,,,,,,,,,,,,,,,,,,,,,,,,,,,,,,,,,,,,,,,,,,,,,,,,,,,,,,,,,,,,,,,,,,,,,,,,,,,,,,,,,,,,
,,,,,,,,,,,,,,,,,,,,,,,,,,,,,,,,,,,,,,,,,,,,,,,,,,,,,,,,,,,,,,,,,,,,,,,,,,,,,,,,,,,,,,,,,,,,,,,,,,,,,,,,,,,,,,,,,,,,,,,,,,,,,,,,,,,,,,,,,,,,,,,,,,,,,,,,,,,,,,,,,,,,,,,,,,,,,,,,,,,,,,,,,,,,,,,,,,,,,,,,,,,,,,,,,,,,,,,,,,,,,,,,,,,,,,,,,,,,,,,,,,,,,,,,,,,1.515152e+00,,,,,,,1.515152e+00,,,,,,,,,2.173913e+00,2.173913e+00,3.689065e+00,3.689065e+00,,,3.689065e+00,,,1.515152e+00,,1.515152e+00,1.515152e+00,,,,,,,,,,,,,,,,,,,,,,,,,,,,,,,,,,,,,,,,,,,,,,,,,,,,,,,,,,,,,,,,,,,,,,,,,,,,,,,,,,,,,,,,,,,,,,,,,,,,,,,,,,,,,,,,2.173913e+00,2.173913e+00,2.173913e+00,,,,,,,,,,,,,,,,,,,,,,,,,,,,,,,,,,,,,,,,,,,,,,,,,,,,,,,,,,,,,,,,,,,,,,,,,,,,,,,,,,,,,,,,,,,,,,,,,,,,,,,,,,,,,,,,,,,,,,,,,,,,,,,,,,,,,,,,,,,,,,,,,,,,,,,,,,,,,,,,,,,,,,,,,,,,,,,,,,,,,,,,,,,,,,,,,,,,,,,,,,,,,,,,,1.515152e+00,1.515152e+00,,,,,,,,,,,,,,,,,,,,,,,,,,,,,,,,,,,,,,,,,,,,,,,,,,,,,,,,,,,,,,,,,,,,,,,,,,,,,,,,,,,,,,,,,,,,,,,,,,,,,,,,,,,,,,,,,,,,
,,,,,,,,,,,,,,,,,,,,,,,,,,,,,,,,,,,,,,,,,,,,,,,,,,,,,,,,,,,,,,,,,,,,,,,,,,,,,,,,,,,,,,,,,,,,,,,,,,,,,,,,,,,,,,,,,,,,,,,,,,,,,,,,,,,,,,,,,,,,,,,,,,,,,,,,,,,,,,,,,,,,,,,,,,,,,,,,,,,,,,,,,,,,,,,,,,,,,,,,,,,,,,,,,,,,,,,,,,,,,,,,,,,,,,,,,,,,,,,,,,,,,,,,,,,,,,,,,,,,,,,,,,,2.173913e+00,2.173913e+00,3.689065e+00,,,2.173913e+00,1.515152e+00,1.515152e+00,1.515152e+00,1.515152e+00,1.515152e+00,,,,,,,,,,,,,,,,,,,,,,,,,,,,,,,,,,,,,,,,,,,,,,,,,,,,,,,,,,,,,,,,,,,,,,,,,,,,,,,,,,,,,,,,,,,,,,,,,,,,,,,,,,,,,,,2.173913e+00,,2.173913e+00,2.173913e+00,2.173913e+00,2.173913e+00,,,,,,,,,,,,,,,,,,,,,,,,,,,,,,,,,,,,,,,,,,,,,,,,,,,,,,,,,,,,,,,,,,,,,,,,,,,,,,,,,,,,,,,,,,,,,,,,,,,,,,,,,,,,,,,,,,,,,,,,,,,,,,,,,,,,,,,,,,,,,,,,,,,,,,,,,,,,,,,,,,,,,,,,,,,,,,,,,,,,,,,,,,,,,,,,,,,,,,,,,,,,,,,,,,,,,,,,,,,,,,,,,,,,,,,,,,,,,,,,,,,,,,,,,,,,,,,,,,,,,,,,,,,,,,,,,,,,,,,,,,,,,,,,,,,,,,,,,,,,,,,,,,,,,,,,,,,,,,,,,,,,,,
,,,,,,,,,,,,,,,,,,,,,,,,,,,,,,,,,,,,,,,,,,,,,,,,,,,,,,,,,,,,,,,,,,,,,,,,,,,,,,,,,,,,,,,,,,,,,,,,,,,,,,,,,,,,,,,,,,,,,,,,,,,,,,,,,,,,,,,,,,,,,,,,,,,,,,,,,,,,,,,,,,,,,,,,,,,,,,,,,,,,,,,,,,,,,,,,,,,,,,,,,,,1.515152e+00,,,,,,,,,,,2.173913e+00,2.173913e+00,2.173913e+00,3.689065e+00,3.689065e+00,3.689065e+00,3.689065e+00,,,,,,,,,,,,,,,,,,,,,,,,,,,,,,,,2.173913e+00,2.173913e+00,,,,,,2.173913e+00,2.173913e+00,2.173913e+00,2.173913e+00,2.173913e+00,2.173913e+00,2.173913e+00,2.173913e+00,2.173913e+00,2.173913e+00,2.173913e+00,2.173913e+00,2.173913e+00,2.173913e+00,,1.515152e+00,,1.515152e+00,1.515152e+00,1.515152e+00,,,,,,,,,,,,,,,,,,,,,,,,,,,,,,,,,,,,,,,,,,,,,,,,,,,,,,,,,,,,,,,,,,,,,,,,,,,,,,,,,,,,,,,,,,,,,,,,,,,,,,,,,,,,,,,2.173913e+00,,4.347826e+00,4.347826e+00,4.347826e+00,4.347826e+00,4.347826e+00,4.347826e+00,2.173913e+00,5.862978e+00,5.862978e+00,5.862978e+00,,,,,,,,,,,,,,,,,,,1.515152e+00,,1.515152e+00,1.515152e+00,,,,,,,,,,,,1.515152e+00,1.515152e+00,,,,,,,,,,,,,,,,,,,,,,,,,,,,,,,,,,,,,,,,,,,,,,,,,,,,,,,,,,,,,,,,,,,,,,,,,,,,,,,,,,,,,,,,,,,,,,,,,,,,,,,,,,,,,,,,,,,,,,,,,,,,,,,,,,,,,,,,,,,,,,,,,,,,,,,,,,,,,,,,,,,,,,,,,,,,,,,,,,,,,,,,,,,,,,,,,,,,,,,,,,,,,,,,,,,,,,,,,,,,,,,,,,,,,,,,,,,,,,,,,,,,,,,,,,,,,,,,,,,,,,,,,,,,,,,,,,,,,,,,,,,,
,,,,,,,,,,,,,,,,,,,,,,,,,,,,,,,,,,,,,,,,,,,,,,,,,,,,,,,,,,,,,,,,,,,,,,,,,,,,,,,,,,,,,,,,,,,,,,,,,,,,,,,,,,,,,,,,,,,,,,,,,,,,,,,,,,,,,,,,,,,,,,,,,,,,,,,,,,,,,,,,,,,,,,,,,,,,,,,,,,,,,,,,,,,,,,,,,,,,,,,,,,,,,,,,,,,,,,2.173913e+00,2.173913e+00,2.173913e+00,3.689065e+00,3.689065e+00,3.689065e+00,1.515152e+00,,,,,,,,,,,,,,,,,,,,,,,,,,,,,,,,,,,,,,,2.173913e+00,2.173913e+00,2.173913e+00,2.173913e+00,2.173913e+00,2.173913e+00,2.173913e+00,2.173913e+00,2.173913e+00,2.173913e+00,2.173913e+00,2.173913e+00,2.173913e+00,2.173913e+00,,,1.515152e+00,1.515152e+00,1.515152e+00,1.515152e+00,,,,,,,,,,,,,,,,,,,,,,,,,,,,,,,,,,,,,,,,,,,,,,,,,,,,,,,,,,,,,,,,,,,,,,,,,,,,,,,,,,,,,,,,,,,,,,,,,,,,,,,,,,,,,,,,4.347826e+00,4.347826e+00,6.521739e+00,4.347826e+00,5.862978e+00,4.347826e+00,5.862978e+00,4.347826e+00,5.862978e+00,5.862978e+00,5.862978e+00,,,,,,,,1.515152e+00,,,,,,,,,1.515152e+00,1.515152e+00,1.515152e+00,1.515152e+00,1.515152e+00,1.515152e+00,,,,,,,,,,,,,,,,,,,,,,,,,,,,,,,,,,,,,,,,,,,,,,,,,,,,,,,,,,,,,,,,,,,,,,,,,,,,,,,,,,,,,,,,,,,,,,,,,,,,,,,,,,,,,,,,,,,,,,,,,,,,,,,,,,,,,,,,,,,,,,,,,,,,,,,,,,,,,,,,,,,,,,,,,,,,,,,,,,,,,,,,,,,,,,,,,,,,,,,,,,,,,,,,,,,,,,,,,,,,,,,,,,,,,,,,,,,,,,,,,,,,,,,,,,,,,,,,,,,,,,,,,,,,,,,,,,,,,,,,,,,,,,,,,,,,,,,,,
,,,,,,,,,,,,,,,,,,,,,,,,,,,,,,,,,,,,,,,,,,,,,,,,,,,,,,,,,,,,,,,,,,,,,,,,,,,,,,,,,,,,,,,,,,,,,,,,,,,,,,,,,,,,,,,,,,,,,,,,,,,,,,,,,,,,,,,,,,,,,,,,,,,,,,,,,,,,,,,,,,,,,,,,,,,,,,,,,,,,,,,,,,,,,,,,,,,,,,,,,,,,6.521739e+00,,,,,,,,,,2.173913e+00,2.173913e+00,2.173913e+00,,3.689065e+00,3.689065e+00,3.689065e+00,,,,,,,,,,,,,,,,,,,,,,,,,,,,,,,,,,,,,,,2.173913e+00,,2.173913e+00,2.173913e+00,2.173913e+00,2.173913e+00,2.173913e+00,2.173913e+00,2.173913e+00,2.173913e+00,2.173913e+00,2.173913e+00,4.347826e+00,2.173913e+00,,1.515152e+00,1.515152e+00,1.515152e+00,,,,,,,,,,,,,,,,,,,,,,,,,,,,,,,,,,,,,,,,,,,,,,,,,,,,,,,,,,,,,,,,,,,,,,,,,,,,,,,,,,,,,,,,,,,,,,,,,,,,,,,,,,,,,,,,2.173913e+00,2.173913e+00,2.173913e+00,4.347826e+00,6.521739e+00,5.862978e+00,4.347826e+00,4.347826e+00,5.862978e+00,4.347826e+00,5.862978e+00,5.862978e+00,4.347826e+00,,,,,,,,,,,,,,,,1.515152e+00,1.515152e+00,1.515152e+00,1.515152e+00,1.515152e+00,,,,,,,,,,,1.515152e+00,,,,,,,,,,,,,,,,,,,,,,,,,,,,,,,,,,,,,,,,,,,,,,,,,,,,,,,,,,,,,,,,,,,,,,,,,,,,,,,,,,,,,,,,,,,,,,,,,,,,,,,,,,,,,,,,,,,,,,,,,,,,,,,,,,,,,,,,,,,,,,,,,,,,,,,,,,,,,,,,,,,,,,,,,,,,,,,,,,,,,,,,,,,,,,,,,,,,,,,,,,,,,,,,,,,,,,,,,,,,,,,,,,,,,,,,,,,,,,,,,,,,,,,,,,,,,,,,,,,,,,,,,,,,,,,,,,,,,,,,,,,,,,,,
,,,,,,,,,,,,,,,,,,,,,,,,,,,,,,,,,,,,,,,,,,,,,,,,,,,,,,,,,,,,,,,,,,,,,,,,,,,,,,,,,,,,,,,,,,,,,,,,,,,,,,,,,,,,,,,,,,,,,,,,,,,,,,,,,,,,,,,,,,,,,,,,,,,,,,,,,,,,,,,,,,,,,,,,,,,,,,,,,,,,,,,,,,,,,,,,,,,,,,,,,,,,,1.455863e+01,,,,,,,,,,,,,,,,,,,,,,,,,,,,,,,,,,,,,,,,,,,,,,,,,,,,,,2.173913e+00,2.173913e+00,2.173913e+00,2.173913e+00,2.173913e+00,2.173913e+00,2.173913e+00,2.173913e+00,,,,,,2.173913e+00,,1.515152e+00,,,,,,,,,,,,,,,,,,,,,,,,,,,,,,,,,,,,,,,,,,,,,,,,,,,,,,,,,,,,,,,,,,,,,,,,,,,,,,,,,,,,,,,,,,,,,,,,,,,,,,,,,,,,,,,,,,,4.347826e+00,2.173913e+00,4.347826e+00,4.347826e+00,4.347826e+00,3.689065e+00,3.689065e+00,3.689065e+00,1.515152e+00,3.689065e+00,5.862978e+00,3.689065e+00,,,,,,,,,,,,,,,,,1.515152e+00,1.515152e+00,1.515152e+00,,1.515152e+00,,,1.515152e+00,1.515152e+00,,,,1.515152e+00,,1.515152e+00,1.515152e+00,1.515152e+00,1.515152e+00,,,,,,,,,,,,,,,,,,,,,,,,,,,,,,,,,,,,,,,,,,,,,,,,,,,,,,,,,,,,,,,,,,,,,,,,,,,,,,,,,,,,,,,,,,,,,,,,,,,,,,,,,,,,,,,,,,,,,,,,,,,,,,,,,,,,,,,,,,,,,,,,,,,,,,,,,,,,,,,,,,,,,,,,,,,,,,,,,,,,,,,,,,,,1.515152e+00,,,,,,,,,,,,,,,,,,,,,,5.204216e+00,3.689065e+00,,,,,,,,,,,,,,,,,,,,,,,,,,,,,,,,,,,,,,,,,,,,,,,,,,,,,,,,,,,,,,,,,,,,,,,,,,
,,,,,,,,,,,,,,,,,,,,,,,,,,,,,,,,,,,,,,,,,,,,,,,,,,,,,,,,,,,,,,,,,,,,,,,,,,,,,,,,,,,,,,,,,,,,,,,,,,,,,,,,,,,,,,,,,,,,,,,,,,,,,,,,,,,,,,,,,,,,,,,,,,,,,,,,,,,,,,,,,,,,,,,,,,,,,,,,,,,,,,,,,,,,,,,,,,,,,,,,,,,,,,,,,,,,,,,,,,,,,,,,,,,,,,,,,,,,,,,,,,,,,,,,,,,,,,,,,,2.173913e+00,2.173913e+00,2.173913e+00,2.173913e+00,2.173913e+00,2.173913e+00,2.173913e+00,2.173913e+00,2.173913e+00,,,,,,,,,,,,,,,,,,,,,,,,,,,,,,,,,,,,,,,,,,,,,,,,,,,,,,,,,,,,,,,,,,,,,,,,,,,,,,,,,,,,,,,,,,,,,,,,,,,,,,,,,,,,,,,,,,,,,,,,,,,2.173913e+00,2.173913e+00,2.173913e+00,,6.521739e+00,1.515152e+00,1.515152e+00,1.515152e+00,1.515152e+00,1.515152e+00,1.515152e+00,1.515152e+00,,,,,,,,,,,,,,,,,,1.515152e+00,1.515152e+00,,1.515152e+00,1.515152e+00,1.515152e+00,,,,,1.515152e+00,1.515152e+00,,1.515152e+00,1.515152e+00,1.515152e+00,1.515152e+00,1.515152e+00,1.515152e+00,1.515152e+00,1.515152e+00,1.515152e+00,,,,,,,1.515152e+00,,,,,,,,,,,,,,,,,,,,,,,,,,,,,,,,,,,,,,,,,,,,,,,,,,,,,,,,,,,,,,,,,,,,,,,,,,,,,,,,,,,,,,,,,,,,,,,,,,,,,,,,,,,,,,,,,,,,,,,,,,,,,,,,,,,,,,,,,,,,,,,,,,,,,,,,,,,,,,,,,,,,,,,,,,,,,,,,,,,,3.689065e+00,,,,,,,,,,,,,,,,,,3.689065e+00,3.689065e+00,,,,,,,,,,,,,,,,,,,,,,,,,,,,,,,,,,,,,,,,,,,,,,,,,,,,,,,,,,,,,,,,,,,,,,,,,,
,,,,,,,,,,,,,,,,,,,,,,,,,,,,,,,,,,,,,,,,,,,,,,,,,,,,,,,,,,,,,,,,,,,,,,,,,,,,,,,,,,,,,,,,,,,,,,,,,,,,,,,,,,,,,,,,,,,,,,,,,,,,,,,,,,,,,,,,,,,,,,,,,,,,,,,,,,,,,,,,,,,,,,,,,,,,,,,,,,,,,,,,,,,,,,,,,,,,,,,,,,,,,,,,,,,,,,,,,,,,,,,,,,,,,,,,,,,,,,,,,,,,,,,,,,,,,,,,,,2.173913e+00,2.173913e+00,2.173913e+00,2.173913e+00,2.173913e+00,,2.173913e+00,2.173913e+00,2.173913e+00,,,,,,,,,,,,,,,,,,,,,,,,,,,,,,,,,,,,,,,,,,,,,,,,,,,,,,,,,,,,,,,,,,,,,,,,,,,,,,,,,,,,,,,,,,,,,,,,,,,,,,,,,,,,,,,,,,,,,,,,,,2.173913e+00,2.173913e+00,4.347826e+00,,,4.347826e+00,1.515152e+00,1.515152e+00,1.515152e+00,1.515152e+00,1.515152e+00,1.515152e+00,1.515152e+00,,,,,,,,,,,,,,,,,,1.515152e+00,1.515152e+00,1.515152e+00,1.515152e+00,1.515152e+00,,,,,,1.515152e+00,1.515152e+00,,1.515152e+00,1.515152e+00,1.515152e+00,1.515152e+00,1.515152e+00,1.515152e+00,,1.515152e+00,,,,,,,,,,,,,,,,,,,,,,,,,,,,,,,,,,,,,,,,,,,,,,,,,,,,,,,,,,,,,,,,,,,,,,,,,,,,,,,,,,,,,,,,,,,,,,,,,,,,,,,,,,,,,,,,,,,,,,,,,,,,,,,,,,,,,,,,,,,,,,,,,,,,,,,,,,,,,,,,,,,,,,,,,,,,,,,,,,,,,,,,,,,,3.689065e+00,5.204216e+00,3.689065e+00,3.689065e+00,2.173913e+00,,,,,,,,,,,,,,1.515152e+00,3.689065e+00,,,,,,,,,,,,,,,,,,,,,,,,,,,,,,,,,,,,,,,,,,,,,,,,,,,,,,,,,,,,,,,,,,,,,,,,,,
,,,,,,,,,,,,,,,,,,,,,,,,,,,,,,,,,,,,,,,,,,,,,,,,,,,,,,,,,,,,,,,,,,,,,,,,,,,,,,,,,,,,,,,,,,,,,,,,,,,,,,,,,,,,,,,,,,,,,,,,,,,,,,,,,,,,,,,,,,,,,,,,,,,,,,,,,,,,,,,,,,,,,,,,,,,,,,,,,,,,,,,,,,,,,,,,,,,,,,,,,,,,,,,,,,,,,,,,,,,,,,,,,,,,,,,,,,,,,,,,,,,,,,,,,,,,,,,,,,2.173913e+00,2.173913e+00,2.173913e+00,2.173913e+00,2.173913e+00,,2.173913e+00,,2.173913e+00,,,,,,,,,,,,,,,,,,,,,,,,,,,,,,,,,,,,,,,,,,,,,,,,,,,,,,,,,,,,,,,,,,,,,,,,,,,,,,,,,,,,,,,,,,,,,,,,,,,,,,,,,,,,,,,,,,,,,,,,,,,2.173913e+00,2.173913e+00,,2.173913e+00,4.347826e+00,1.515152e+00,1.515152e+00,1.515152e+00,1.515152e+00,1.515152e+00,1.515152e+00,1.515152e+00,,,,,,,,,,,,,,,,,,,1.515152e+00,1.515152e+00,,1.515152e+00,,,,,,1.515152e+00,1.515152e+00,,1.515152e+00,1.515152e+00,1.515152e+00,1.515152e+00,1.515152e+00,,,1.515152e+00,,,,,,,,,,,,1.515152e+00,,,,,,,,,,,,,,,,,,,,,,,,,,,,,,,,,,,,,,,,,,,,,,,,,,,,,,,,,,,,,,,,,,,,,,,,,,,,,,,,,,,,,,,,,,,,,,,,,,,,,,,,,,,,,,,,,,,,,,,,,,,,,,,,,,,,,,,,,,,,,,,,,,,,,,,,,,,,,,,,,,,,,,,,,,,,,,,1.515152e+00,3.689065e+00,5.204216e+00,3.689065e+00,3.689065e+00,5.204216e+00,3.689065e+00,3.689065e+00,,,,,,,,,,,,,1.515152e+00,3.030303e+00,,,,,,,,,,,,,,,,,,,,,,,,,,,,,,,,,,,,,,,,,,,,,,,,,,,,,,,,,,,,,,,,,,,,,,,,,
,,,,,,,,,,,,,,,,,,,,,,,,,,,,,,,,,,,,,,,,,,,,,,,,,,,,,,,,,,,,,,,,,,,,,,,,,,,,,,,,,,,,,,,,,,,,,,,,,,,,,,,,,,,,,,,,,,,,,,,,,,,,,,,,,,,,,,,,,,,,,,,,,,,,,,,,,,,,,,,,,,,,,,,,,,,,,,,,,,,,,,,,,,,,,,,,,,,,,,,,,,,,,,,,,,,,,,,,,,,,,,,,,,,,,,,,,,,,,,,,,,,,,,,,,,,,,,,,2.173913e+00,,2.173913e+00,2.173913e+00,2.173913e+00,2.173913e+00,2.173913e+00,,2.173913e+00,,,,,,,,,,,,,,,,,,,,,,,,,,,,,,,,,,,,,,,,,,,,,,,,,,,,,,,,,,,,,,,,,,,,,,,,,,,,,,,,,,,,,,,,,,,,,,,,,,,,,,,,,,,,,,,,,,,,,,,,,,,,,,1.515152e+00,1.515152e+00,1.515152e+00,3.030303e+00,1.515152e+00,1.515152e+00,1.515152e+00,1.515152e+00,1.515152e+00,1.515152e+00,1.515152e+00,,,,2.173913e+00,,,,1.515152e+00,1.515152e+00,2.173913e+00,,,,,,,,,1.515152e+00,1.515152e+00,1.515152e+00,,,1.515152e+00,1.515152e+00,,,1.515152e+00,,,1.515152e+00,1.515152e+00,1.515152e+00,1.515152e+00,1.515152e+00,1.515152e+00,1.515152e+00,1.515152e+00,,,,,,,,,,,,,,,,,,,,,,,,,,,,,,,,,,,,,,,,,,,,,,,,,,,,,,,,,,,,,,,,,,,,,,,,,,,,,,,,,,,,,,,,,,,,,,,,,,,,,,,,,,,,,,,,,,,,,,,,,,,,,,,,,,,,,,,,,,,,,,,,,,,,,,,,,,,,,,,,,,,,,,,,,,,,,,,,,,,,,,,,1.515152e+00,,,,,,,,,,,,,,,,,,,,,1.515152e+00,1.515152e+00,3.689065e+00,3.689065e+00,,,,,,,,,,,,,,,,,,,,,,,,,,,,,,,,,,,,,,,,,,,,,,,,,,,,,,,,,,,,,,,,,,,,,,,,,
,,,,,,,,,,,,,,,3.030303e+00,,,,,,,,,,,,,,,,,,,,,,,,,,,,,,,,,,,,,,,,,,,,,,,,,,,,,,,,,,,,,,,,,,,,,,,,,,,,,,,,,,,,,,,,,,,,,,,,,,,,,,,,,,,,,,,,,,,,,,,,,,,,,,,,,,,,,,,,,,,,,,,,,,,,,,,,,,,,,,,,,,,,,,,,,,,,,,,,,,,,,,,,,,,,,,,,,,,,,,,,,,1.515152e+00,,,,,,,,,,,,,,,,,,,,,,,,,,,,,,,,,,,,,2.173913e+00,2.173913e+00,2.173913e+00,2.173913e+00,2.173913e+00,2.173913e+00,2.173913e+00,2.173913e+00,2.173913e+00,,2.173913e+00,2.173913e+00,,,,,,,,,,,,,,,,,,,,,,,,,,,,,,,,,,,,,,,,,,,,,,,,,,,,,,,,,,,,,,,,,,,,,,,,,,,,,,,,,,,,,,,,,,,,,,,,,,,,,,,,,,,,,,,,,,,,,,,,1.515152e+00,,,,,3.030303e+00,3.030303e+00,3.030303e+00,1.515152e+00,1.515152e+00,1.515152e+00,1.515152e+00,,1.515152e+00,1.515152e+00,1.515152e+00,2.173913e+00,2.173913e+00,2.173913e+00,2.173913e+00,2.173913e+00,2.173913e+00,2.173913e+00,3.689065e+00,3.689065e+00,3.689065e+00,3.689065e+00,2.173913e+00,3.689065e+00,2.173913e+00,2.173913e+00,2.173913e+00,,,3.030303e+00,3.030303e+00,1.515152e+00,1.515152e+00,1.515152e+00,,,,,,,,1.515152e+00,1.515152e+00,1.515152e+00,1.515152e+00,1.515152e+00,1.515152e+00,1.515152e+00,1.515152e+00,,,,,,,,,,,,,,,,,,,,,,,,,,,,,,,,,,,,,,,,,,,,,,,,,,,,,,,,,,,,,,,,,,,,,,,,,,,,,,,,,,,,,,,,,,,,,,,,,,,,,,,,,,,,,,,,,,,,,,,,,,,,,,,,,,,,,,,,,,,,,,,,,,,,,,,,,,,,,,,,,,,,,,,,,,,,,,,,,,,,,,,,,,,,,,,,,,,,,,,,,,,,,1.515152e+00,1.515152e+00,1.515152e+00,1.515152e+00,,,,,,,,,,,,,,,,,,,,,,,,,,,,,,,,,,,,,,,,,,,,,,,,,,,,,,,,,,,,,,,,,,,,,,,,,
,,,,,,,,,,,,,,,,,,,,,,,,,,,,,,,,,,,,,,,,,,,,,,,,,,,,,,,,,,,,,,,,,,,,,,,,,,,,,,,,,,,,,,,,,,,,,,,,,,,,,,,,,,,,,,,,,,,,,,,,,,,,,,,,,,,,,,,,,,,,,,,,,,,,,,,,,,,,,,,,,,,,,,,,,,,,,,,,,,,,,,,,,,,,,,,,,,,,,,,,,,,,,,,,1.515152e+00,4.347826e+00,,,,1.515152e+00,,1.515152e+00,,,1.515152e+00,,3.030303e+00,,,,,,,,,,,,,,,,,,,,,,,,,,,,,,,,,,2.173913e+00,,2.173913e+00,2.173913e+00,2.173913e+00,2.173913e+00,2.173913e+00,2.173913e+00,2.173913e+00,2.173913e+00,2.173913e+00,2.173913e+00,,,,,,,,,,,,,,,,,,,,,,,,,,,,,,,,,,,,,,,,,,,,,,,,,,,,,,,,,,,,,,,,,,,,,,,,,,,,,,,,,,,,,,,,,,,,,,,,,,,,,,,,,,,,,,,,,,,,,,,,3.030303e+00,,,,,1.515152e+00,3.030303e+00,3.030303e+00,1.515152e+00,1.515152e+00,,,,,,1.515152e+00,2.173913e+00,2.173913e+00,2.173913e+00,2.173913e+00,2.173913e+00,2.173913e+00,2.173913e+00,2.173913e+00,3.689065e+00,3.689065e+00,2.173913e+00,2.173913e+00,2.173913e+00,2.173913e+00,2.173913e+00,2.173913e+00,,1.515152e+00,1.515152e+00,3.030303e+00,1.515152e+00,,,,,,,,,,1.515152e+00,1.515152e+00,1.515152e+00,1.515152e+00,1.515152e+00,3.030303e+00,1.515152e+00,1.515152e+00,,,,,,,,,,,,,,,,,,,,,,,,,,,,,,,,,,,,,,,,,,,,,,,,,,,,,,,,,,,,,,,,,,,,,,,,,,,,,,,,,,,,,,,,,,,,,,,,,,,,,,,,,,,,,,,,,,,,,,,,,,,,,,,,,,,,,,,,,,,,,,,,,,,,,,,,,,,,,,,,,,,,,,,,,,,,,,,,,,,,,,,,,,1.515152e+00,1.515152e+00,,,,,,,,,,,,,,,,,,1.515152e+00,1.515152e+00,1.515152e+00,3.689065e+00,,,,,,,,,,,,,,,,,,,,,,,,,,,,,,,,,,,,,,,,,,,,,,,,,,,,,,,,,,,,,,,,,,,,,,,,,
,,,,,,,,,,,,,,,,,,,,,,,,,,,,,,,,,,,,,,,,,,,,,,,,,,,,,,,,,,,,,,,,,,,,,,,,,,,,,,,,,,,,,,,,,,,,,,,,,,,,,,,,,,,,,,,,,,,,,,,,,,,,,,,,,,,,,,,,,,,,,,,,,,,,,,,,,,,,,,,,,,,,,,,,,,,,,,,,,,,,,,,,,,,,,,,,,,,,,,,,,,,,,,,,4.927536e+01,2.173913e+00,,,,1.515152e+00,3.030303e+00,4.545455e+00,3.030303e+00,1.515152e+00,,,,1.515152e+00,,,,,,,,,,,,,,,,,,,,,,,,,,,,,,2.173913e+00,,,2.173913e+00,,,2.173913e+00,2.173913e+00,2.173913e+00,2.173913e+00,2.173913e+00,2.173913e+00,2.173913e+00,2.173913e+00,2.173913e+00,,,,,,,,,,,,,,,,,,,,,,,,,,,,,,,,,,,,,,,,,,,,,,,,,,,,,,,,,,,,,,,,,,,,,,,,,,,,,,,,,,,,,,,,,,,,,,,,,,,,,,,,,,,,,,,,,,,,,,,,3.030303e+00,,,,,1.515152e+00,3.030303e+00,1.515152e+00,1.515152e+00,1.515152e+00,,,2.173913e+00,2.173913e+00,2.173913e+00,,3.689065e+00,2.173913e+00,2.173913e+00,2.173913e+00,2.173913e+00,2.173913e+00,2.173913e+00,2.173913e+00,3.689065e+00,2.173913e+00,2.173913e+00,2.173913e+00,2.173913e+00,2.173913e+00,2.173913e+00,2.173913e+00,3.030303e+00,1.515152e+00,1.515152e+00,3.030303e+00,1.515152e+00,1.515152e+00,,,,,,,,,,1.515152e+00,1.515152e+00,1.515152e+00,1.515152e+00,1.515152e+00,1.515152e+00,1.515152e+00,,,,,,,,,,,,,,,,,,,,,,,,,,,,,,,,,,,,,,,,,,,,,,,,,,,,,,,,,,,,,,,,,,,,,,,,,,,,,,,,,,,,,,,,,,,,,,,,,,,,,,,,,,,,,,,,,,,,,,,,,,,,,,,,,,,,,,,,,,,,,,,,,,,,,,,,,,,,,,,,,,,,,,,,,,,,,,,,,,,,,1.515152e+00,,1.515152e+00,1.515152e+00,1.515152e+00,1.515152e+00,1.515152e+00,,,,,,,,,,,,,,,,,,,,,1.515152e+00,1.515152e+00,3.030303e+00,1.515152e+00,,,,,,,,,,,,,,,,,,,,,,,,,,,,,,,,,,,,,,,,,,,,,,,,,,,,,,,,,,,,,,,,,,,,,,
,,,,,,,,,,,,,,,,,,,,,,,,,,,,,,,,,,,,,,,,,,,,,,,,,,,,,,,,,,,,,,,,,,,,,,,,,,,,,,,,,,,,,,,,,,,,,,,,,,,,,,,,,,,,,,,,,,,,,,,,,,,,,,,,,,,,,,,,,,,,,,,,,,,,,,,,,,,,,,,,,,,,,,,,,,,,,,,,,,,,,,,,,,,,,,,,,,,,,,,,,,,,,,,,,,5.862978e+00,4.347826e+00,2.173913e+00,,,3.030303e+00,9.749670e+00,4.545455e+00,4.545455e+00,,,,,,,,,,,,,,,,,,,,,,,,,,,,2.173913e+00,,,,,2.173913e+00,2.173913e+00,2.173913e+00,2.173913e+00,2.173913e+00,,2.173913e+00,2.173913e+00,2.173913e+00,,,2.173913e+00,,,,,,,,,,,,,,,,,,,,,,,,,,,,,,,,,,,,,,,,,,,,,,,,,,,,,,,,,,,,,,,,,,,,,,,,,,,,,,,,,,,,,,,,,,,,,,,,,,,,,,,,,,,,,,,,,,,,,,,,,,,,1.515152e+00,1.515152e+00,3.030303e+00,3.030303e+00,4.545455e+00,3.030303e+00,4.545455e+00,4.545455e+00,2.173913e+00,2.173913e+00,2.173913e+00,2.173913e+00,2.173913e+00,2.173913e+00,2.173913e+00,2.173913e+00,2.173913e+00,2.173913e+00,2.173913e+00,2.173913e+00,3.689065e+00,3.689065e+00,2.173913e+00,2.173913e+00,2.173913e+00,2.173913e+00,2.173913e+00,2.173913e+00,2.173913e+00,2.173913e+00,3.689065e+00,3.689065e+00,2.173913e+00,3.689065e+00,3.689065e+00,,2.173913e+00,,,,,,,,,,1.515152e+00,3.030303e+00,3.030303e+00,1.515152e+00,1.515152e+00,,,,,,,,,,,,,,,,,,,,,,,,,,,,,,,,,,,,,,,,,,,,,,,,,,,,,,,,,,,,,,,,,,,,,,,,,,,,,,,,,,,,,,,,,,,,,,,,,,,,,,,,,,,,,,,,,,,,,,,,,,,,,,,,,,,,,,,,,,,,,,,,,,,,,,,,,,,,,,,,,,,,,,,,,,,,,,,,,,,,,,,,1.515152e+00,1.515152e+00,1.515152e+00,1.515152e+00,1.515152e+00,1.515152e+00,,,,,,,,,,,,,,,,,,,,1.515152e+00,1.515152e+00,1.515152e+00,,1.515152e+00,1.515152e+00,,,,,,,,,,,,,,,,,,,,,,,,,,,,,,,,,,,,,,,,,,,,,,,,,,,,,,,,,,,,,,,,,,,,,
,,,,,,,,,,,,,,,,,,,,,,,,,,,,,,,,,,,,,,,,,,,,,,,,,,,,,,,,,,,,,,,,,,,,,,,,,,,,,,,,,,,,,,,,,,,,,,,,,,,,,,,,,,,,,,,,,,,,,,,,,,,,,,,,,,,,,,,,,,,,,,,,,,,,,,,,,,,,,,,,,,,,,,,,,,,,,,,,,,,,,,,,,,,,,,,,,,,,,,,,,,,,,,,,,,,1.515152e+00,5.862978e+00,2.173913e+00,2.173913e+00,,2.173913e+00,2.173913e+00,9.552042e+00,2.173913e+00,2.173913e+00,,1.515152e+00,,,,,,,,,,,,,,,,,,,,,,,,,,,,,2.173913e+00,2.173913e+00,2.173913e+00,2.173913e+00,2.173913e+00,2.173913e+00,2.173913e+00,,,,2.173913e+00,2.173913e+00,,,,,,,,,,,,,,,,,,,,,,,,,,,,,,,,,,,,,,,,,,,,,,,,,,,,,,,,,,,,,,,,,,,,,,,,,,,,,,,,,,,,,,,,,,,,,,,,,,,,,,,,,,,,,,,,,,,,,,,,,,,,4.545455e+00,4.545455e+00,4.545455e+00,3.030303e+00,4.545455e+00,4.545455e+00,3.030303e+00,1.515152e+00,2.173913e+00,2.173913e+00,2.173913e+00,2.173913e+00,2.173913e+00,2.173913e+00,2.173913e+00,2.173913e+00,2.173913e+00,2.173913e+00,3.689065e+00,3.689065e+00,3.689065e+00,3.689065e+00,2.173913e+00,3.689065e+00,2.173913e+00,2.173913e+00,2.173913e+00,2.173913e+00,2.173913e+00,2.173913e+00,2.173913e+00,3.689065e+00,3.689065e+00,3.689065e+00,3.689065e+00,3.689065e+00,3.689065e+00,,,,,,,,,,1.515152e+00,1.515152e+00,1.515152e+00,1.515152e+00,1.515152e+00,1.515152e+00,,,,,,,,,,,,,,,,1.515152e+00,,,,,,,,,,,,,,,,,,,,,,,,,,,,,,,,,,,,,,,,,,,,,,,,,,,,,,,,,,,,,,,,,,,,,,,,,,,,,,,,,,,,,,,,,,,,,,,,,,,,,,,,,,,,,,,,,,,,,,,,,,,,,,,,,,,,,,,,,,,,,,,,,,,,,,,,,,,,,,,,,,,,,,,1.515152e+00,1.515152e+00,1.515152e+00,,,,1.515152e+00,,,,,2.173913e+00,,,,,,,,,,,,,,,,,1.515152e+00,,,,,,,,,,,,,,,,,,,,,,,,,,,,,,,,,,,,,,,,,,,,,,,,,,,,,,,,,,,,,,,,,,,,,,,
,,,,,,,,,,,,,,,,,,,,,,,,,,,,,,,,,,,,,,,,,,,,,,,,,,,,,,,,,,,,,,,,,,,,,,,,,,,,,,,,,,,,,,,,,,,,,,,,,,,,,,,,,,,,,,,,,,,,,,,,,,,,,,,,,,,,,,,,,,,,,,,,,,,,,,,,,,,,,,,,,,,,,,,,,,,,,,,,,,,,,,,,,,,,,,,,,,,,,,,,,,,,,,,,,,,,,5.862978e+00,,,,,2.173913e+00,2.173913e+00,2.173913e+00,,,1.515152e+00,,,,,,,,,,,,,,,,,,,,2.173913e+00,,,,,,,,2.173913e+00,2.173913e+00,2.173913e+00,2.173913e+00,4.347826e+00,2.173913e+00,2.173913e+00,2.173913e+00,,,,,2.173913e+00,,,,,,,,,,,,,,,,,,,,,,,,,,,,,,,,,,,,,,,,,,,,,,,,,,,,,,,,,,,,,,,,,,,,,,,,,,,,,,,,,,,,,,,,,,,,,,,,,,,,,,,,,,,,,,,,,,,,,,,,,,,4.545455e+00,3.030303e+00,4.545455e+00,6.719368e+00,6.719368e+00,4.545455e+00,3.030303e+00,1.515152e+00,2.173913e+00,2.173913e+00,2.173913e+00,2.173913e+00,2.173913e+00,2.173913e+00,2.173913e+00,2.173913e+00,2.173913e+00,2.173913e+00,2.173913e+00,2.173913e+00,2.173913e+00,2.173913e+00,2.173913e+00,2.173913e+00,2.173913e+00,2.173913e+00,2.173913e+00,2.173913e+00,2.173913e+00,2.173913e+00,3.689065e+00,3.689065e+00,3.689065e+00,3.689065e+00,3.689065e+00,3.689065e+00,3.689065e+00,3.030303e+00,,,,,,,,,1.515152e+00,1.515152e+00,1.515152e+00,,1.515152e+00,1.515152e+00,,,,,,,,,,,,,1.515152e+00,3.030303e+00,3.030303e+00,,,,,,,,,,,,,,,,,,,,,,,,,,,,,,,,,,,,,,,,,,,,,,,,,,,,,,,,,,,,,,,,,,,,,,,,,,,,,,,,,,,,,,,,,,,,,,,,,,,,,,,,,,,,,,,,,,,,,,,,,,,,,,,,,,,,,,,,,,,,,,,,,,,,,,,,,,,1.515152e+00,,,,,,,,,,,,,1.515152e+00,,,,1.515152e+00,,,,,,,,,,3.030303e+00,,,,,,,,,,,1.515152e+00,1.515152e+00,1.515152e+00,,,,,,,,,,,,,,,,,,,,,,,,,,,,,,,,,,,,,,,,,,,,,,,,,,,,,,,,,,,,,,,,,,,,,,,,
,,,,,,,,,,,,,,,,,,,,,,,,,,,,,,,,,,,,,,,,,,,,,,,,,,,,,,,,,,,,,,,,,,,,,,,,,,,,,,,,,,,,,,,,,,,,,,,,,,,,,,,,,,,,,,,,,,,,,,,,,,,,,,,,,,,,,,,,,,,,,,,,,,,,,,,,,,,,,,,,,,,,,,,,,,,,,,,,,,,,,,,,,,,,,,,,,,,,,,,,,,,,,,,,,,,,,,,,,,,2.173913e+00,2.173913e+00,,,,,,1.515152e+00,,,,,,,,,,,,,,,,,2.173913e+00,,,,,2.173913e+00,,,2.173913e+00,2.173913e+00,2.173913e+00,2.173913e+00,4.347826e+00,4.347826e+00,2.173913e+00,2.173913e+00,,,,2.173913e+00,2.173913e+00,,,,,,,,,,,,,,,,,,,,,,,,,,,,,,,,,,,,,,,,,,,,,,,,,,,,,,,,,,,,,,,,,,,,,,,,,,,,,,,,,,,,,,,,,,,,,,,,,,,,,,,,,,,,,,,,,,,,,,,,,,,3.030303e+00,3.030303e+00,4.545455e+00,4.545455e+00,4.545455e+00,3.030303e+00,3.030303e+00,1.515152e+00,2.173913e+00,2.173913e+00,2.173913e+00,2.173913e+00,2.173913e+00,2.173913e+00,2.173913e+00,2.173913e+00,2.173913e+00,2.173913e+00,2.173913e+00,2.173913e+00,2.173913e+00,2.173913e+00,2.173913e+00,2.173913e+00,2.173913e+00,2.173913e+00,2.173913e+00,2.173913e+00,2.173913e+00,2.173913e+00,3.689065e+00,3.689065e+00,3.689065e+00,2.173913e+00,3.689065e+00,3.689065e+00,3.689065e+00,1.515152e+00,,,,,,,,,1.515152e+00,1.515152e+00,1.515152e+00,,,1.515152e+00,,,,,,,,,,,,,3.030303e+00,1.515152e+00,1.515152e+00,,,,,,,,,,,,,,,,,,,,,,,,,,,,,,,,,,,,,,,,,,,,,,,,,,,,,,,,,,,,,,,,,,,,,,,,,,,,,,,,,,,,,,,,,,,,,,,,,,,,,,,,,,,,,,,,,,,,,,,,,,,,,,,,,,,,,,,,,,,,,,,,,,,,,,,,,,,,,,,,,,,,,,,,,,,,,,,,,,,,,,3.030303e+00,3.030303e+00,3.030303e+00,,,,,,,,1.515152e+00,,,1.515152e+00,,,,,,,,,,,,,,,,,,,,,,,,,,,,,,,,,,,,,,,,,,,,,,,,,,,,,,,,,,,,,,,,,,,,,,,,
,,,,,,,,,,,,,,,,,,,,,,,,,,,,,,,,,,,,,,,,,,,,,,,,,,,,,,,,,,,,,,,,,,,,,,,,,,,,,,,,,,,,,,,,,,,,,,,,,,,,,,,,,,,,,,,,,,,,,,,,,,,,,,,,,,,,,,,,,,,,,,,,,,,,,,,,,,,,,,,,,,,,,,,,,,,,,,,,,,,,,,,,,,,,,,,,,,,,,,,,,,,,,,,,,,,,,,,,,4.347826e+00,2.173913e+00,,2.173913e+00,,,,,,,,,,,,,,1.515152e+00,3.030303e+00,2.173913e+00,,,,,,,,2.173913e+00,,2.173913e+00,2.173913e+00,2.173913e+00,,2.173913e+00,3.689065e+00,5.862978e+00,3.689065e+00,2.173913e+00,2.173913e+00,2.173913e+00,2.173913e+00,3.689065e+00,3.689065e+00,2.173913e+00,2.173913e+00,2.173913e+00,2.173913e+00,2.173913e+00,2.173913e+00,,,,,,,,,,,,,,,,,,,,,,,,,,,,,,,,,,,,,,,,,,,,,,,,,,,,,,,,,,,,,,,,,,,,,,,,,,,,,,,,,,,,,,,,,,,,,,,,,,,,,,,,,,,,,,,,,,,,,,,,,3.689065e+00,3.689065e+00,3.689065e+00,5.204216e+00,5.204216e+00,5.204216e+00,5.204216e+00,3.689065e+00,,2.173913e+00,2.173913e+00,2.173913e+00,2.173913e+00,2.173913e+00,2.173913e+00,2.173913e+00,2.173913e+00,2.173913e+00,2.173913e+00,2.173913e+00,3.689065e+00,2.173913e+00,2.173913e+00,2.173913e+00,2.173913e+00,2.173913e+00,2.173913e+00,2.173913e+00,3.689065e+00,3.689065e+00,5.204216e+00,5.204216e+00,5.204216e+00,5.204216e+00,,,,,,,,,,,,,,,,,,,,,,,,,,,,,,,1.515152e+00,,,,,,,,,,,,,,,,,,,,,,,,,,,,,,,,,,,,,,,,,,,,,,,,,,,,,,,,,,,,,,,,,,,,,,,,,,,,,,,,,,,,,,,,,,,,,,,,,,,,,,,,,,,,,,,,,,,,,,,,,,,,,,,,,,,,,,,,,,,,,,,,,,,,,,,,,,,,,,,,,,,,,,,,,,,,,,,,,1.515152e+00,1.515152e+00,1.515152e+00,1.515152e+00,1.515152e+00,1.515152e+00,1.515152e+00,,,,,,,,,,,,,,,,,,,,,,,,,,,,,,,,,,,,,,,,,,,,,,,,,,,,,,,,,,,,,,,,,,,,,,,,,,,,,,,,,,,,,,
,,,,,,,,,,,,,,,,,,,,,,,,,,,,,,,,,,,,,,,,,,,,,,,,,,,,,,,,,,,,,1.515152e+00,,,,,,,,,,,,,,,,,,,,,,,,,,,,,,,,,,,,,,,,,,,,,,,,,,,,,,,,,,,,,,,,,,,,,,,,,,,,,,,,,,,,,,,,,,,,,,,,,,,,,,,,,,,,,,,,,,,,,,,,,,,,,,,,,,,,,,,,,,,,,,,,,,,,,,,,,,,,,8.036890e+00,1.930171e+01,1.106719e+01,,,,,,2.173913e+00,,,3.689065e+00,5.204216e+00,5.204216e+00,3.030303e+00,1.515152e+00,3.030303e+00,1.515152e+00,2.173913e+00,,,,,,,,2.173913e+00,2.173913e+00,2.173913e+00,2.173913e+00,,,2.173913e+00,3.689065e+00,3.689065e+00,3.689065e+00,2.173913e+00,2.173913e+00,2.173913e+00,3.689065e+00,2.173913e+00,3.689065e+00,3.689065e+00,2.173913e+00,2.173913e+00,2.173913e+00,2.173913e+00,2.173913e+00,,,,,,,,,,,,,,,,,,,,,,,,,,,,,,,,,,,,,,,,,,,,,,,,,,,,,,,,,,,,,,,,,,,,,,,,,,,,,,,,,,,,,,,,,,,,,,,,,,,,,,,,,,,,,,,,,,,,,,,,2.173913e+00,3.689065e+00,3.689065e+00,1.515152e+00,1.515152e+00,3.689065e+00,3.689065e+00,3.689065e+00,3.689065e+00,,2.173913e+00,2.173913e+00,2.173913e+00,2.173913e+00,2.173913e+00,2.173913e+00,2.173913e+00,2.173913e+00,2.173913e+00,2.173913e+00,2.173913e+00,2.173913e+00,2.173913e+00,2.173913e+00,2.173913e+00,2.173913e+00,2.173913e+00,2.173913e+00,2.173913e+00,2.173913e+00,2.173913e+00,3.689065e+00,3.689065e+00,3.030303e+00,1.515152e+00,,,,3.689065e+00,,,2.173913e+00,3.689065e+00,,1.515152e+00,1.515152e+00,,,,,,,,,,,,,,,,,,,,,,,,,,,,,,,,,,,,,,,,,,,,,,,,,,,,,,,,,,,,,,,,,,,,,,,,,,,,,,,,,,,,,,,,,,,,,,,,,,,,,,,,,,,,,,,,,,,,,,,,,,,,,,,,,,,,,,,,,,,,,,,,,,,,,,,,,,,,,,,,,,,,,,,,,,,,,,,,,,,,,,,,,,,,,,,,,,,,,1.515152e+00,1.515152e+00,1.515152e+00,1.515152e+00,1.515152e+00,1.515152e+00,1.515152e+00,,,,,,,,,,,,,,,,,,,,,,,,,,,,,,,,,,,,,,,,,,,,,,,,,,,,,,,,,,,,,,,,,,,,,,,,,,,,,,,,,,,,,,
,,,,,,,,,,,,,,,,,,,,,,,,,,,,,,,,,,,,,,,,,,,,,,,,,,,,,,,,,,,,,,,,,,,,,,,,,,,,,,,,,,,,,,,,,,,,,,,,,,,,,,,,,,,,,,,,,,,,,,,,,,,,,,,,,,,,,,,,,,,,,,,,,,,,,,,,,,,,,,,,,,,,,,,,,,,,,,,,,,,,,,,,,,,,,,,,,,,,,,,,,,,,,,,,,,,,,,,,,,,,1.343874e+01,2.173913e+00,,,,,,,,1.515152e+00,1.515152e+00,1.515152e+00,3.030303e+00,3.030303e+00,3.030303e+00,3.030303e+00,2.173913e+00,,,,,,,,2.173913e+00,,,2.173913e+00,2.173913e+00,,,1.515152e+00,,2.173913e+00,5.204216e+00,3.689065e+00,2.173913e+00,2.173913e+00,3.689065e+00,3.689065e+00,2.173913e+00,2.173913e+00,2.173913e+00,2.173913e+00,2.173913e+00,2.173913e+00,,,,,2.173913e+00,,,,,,,,,,,,,,,,,,,,,,,,,,,,,,,,,,,,,,,,,,,,,,,,,,,,,,,,,,,,,,,,,,,,,,,,,,,,,,,,,,,,,,,,,,,,,,,,,,,,,,,,,,,,,,,,,,,2.173913e+00,3.689065e+00,3.689065e+00,3.689065e+00,1.515152e+00,1.515152e+00,3.689065e+00,3.689065e+00,,,,,,,2.173913e+00,2.173913e+00,2.173913e+00,2.173913e+00,2.173913e+00,2.173913e+00,2.173913e+00,2.173913e+00,2.173913e+00,2.173913e+00,2.173913e+00,2.173913e+00,2.173913e+00,2.173913e+00,2.173913e+00,2.173913e+00,2.173913e+00,,1.515152e+00,1.515152e+00,1.515152e+00,,,,1.515152e+00,,3.689065e+00,2.173913e+00,2.173913e+00,2.173913e+00,3.689065e+00,3.689065e+00,,,,,,,,,,,,,,,,,,,,1.515152e+00,,,,,,,,,,,,,,,,,,,,,,,,,,,,,,,,,,,,,,,,,,,,,,,,,,,,,,,,,,,,,,,,,,,,,,,,,,,,,,,,,,,,,,,,,,,,,,,,,,,,,,,,,,,,,,,,,,,,,,,,,,,,,,,,,,,,,,,,,,,,,,,,,,,,,,,,,,,,,,,,,1.515152e+00,,,,,,,,,,,,,,,,1.515152e+00,1.515152e+00,1.515152e+00,1.515152e+00,1.515152e+00,1.515152e+00,,,,,,2.173913e+00,2.173913e+00,,,,,,,,,,,,,,,,,,,,,,,,,,,,,,,,,,,,,,,,,,,,,,,,,,,,,,,,,,,,,,,,,,,,,,,,,,,,,,,,
,,,,,,,,,,,,,,,,,,,,,,,,,,,,,,,,,,,,,,,,,,,,,,,,,,,,,,,,,,,,,,,,,,,,,,,,,,,,,,,,,,,,,,,,,,,,,,,,,,,,,,,,,,,,,,,,,,,,,,,,,,,,,,,,,,,,,,,,,,,,,,,,,,,,,,,,,,,,,,,,,,,,,,,,,,,,,,,,,,,,,,,,,,,,,,,,,,,,,,,,,,,,,,,,,,,,,,,,,,,,7.378129e+00,,2.173913e+00,,,,,,,1.515152e+00,1.515152e+00,1.515152e+00,1.515152e+00,3.030303e+00,3.030303e+00,3.030303e+00,2.173913e+00,,,,,,,,,,,2.173913e+00,,1.515152e+00,1.515152e+00,1.515152e+00,1.515152e+00,3.030303e+00,3.689065e+00,3.689065e+00,5.204216e+00,3.689065e+00,3.689065e+00,3.689065e+00,2.173913e+00,2.173913e+00,2.173913e+00,3.689065e+00,2.173913e+00,2.173913e+00,,,2.173913e+00,,,2.173913e+00,,,,,,,,,,,,,,,,,,,,,,,,,,,,,,,,,,,,,,,,,,,,,,,,,,,,,,,,,,,,,,,,,,,,,,,,,,,,,,,,,,,,,,,,,,,,,,,,,,,,,,,,,,,,,,,,,,,1.515152e+00,3.689065e+00,3.689065e+00,1.515152e+00,1.515152e+00,1.515152e+00,1.515152e+00,,,,,,,,,2.173913e+00,2.173913e+00,2.173913e+00,2.173913e+00,2.173913e+00,2.173913e+00,2.173913e+00,3.689065e+00,2.173913e+00,2.173913e+00,2.173913e+00,2.173913e+00,2.173913e+00,2.173913e+00,2.173913e+00,,,,,,,,,,1.515152e+00,2.173913e+00,2.173913e+00,2.173913e+00,3.689065e+00,3.689065e+00,,,,,,,,,,,,,,,,,,1.515152e+00,,1.515152e+00,,,,,,,,,,,,,,,,,,,,,,,,,,,,,,,,,,,,,,,,,,,,,,,,,,,,,,,,,,,,,,,,,,,,,,,,,,,,,,,,,,,,,,,,,,,,,,,,,,,,,,,,,,,,,,,,,,,,,,,,,,,,,,,,,,,,,,,,,,,,,,,,,,,,,,,,,,,,,,,,,,,,,,,,,,,,,,,,,,1.515152e+00,1.515152e+00,,1.515152e+00,1.515152e+00,1.515152e+00,2.173913e+00,2.173913e+00,2.173913e+00,2.173913e+00,2.173913e+00,2.173913e+00,2.173913e+00,,,,,,,,,,,,,,,,,,,,,,,,,,,,,,,,,,,,,,,,,,,,,,,,,,,,,,,,,,,,,,,,,,,,,,,,,,,,,,,
,,,,,,,,,,,,,,,,,,,,1.515152e+00,,,,,,,,,,,,,,,,,,,,,,,,,,,,,,,,,,,,,,,,,,,,,,,,,,,,,,,,,,,,,,,,,,,,,,,,,,,,,,,,,,,,,,,,,,,,,,,,,,,,,,,,,,,,,,,,,,,,,,,,,,,,,,,,,,,,,,,,,,,,,,,,,,,,,,,,,,,,,,,,,,,,,,,,,,,,,,,,,,,,,,,,,,,,,,,,,,,,,,,,,,,,,,,,,,,1.515152e+00,1.515152e+00,3.030303e+00,1.515152e+00,,,,,,,,,,,,,3.689065e+00,1.515152e+00,1.515152e+00,,1.515152e+00,3.689065e+00,3.689065e+00,3.689065e+00,3.689065e+00,3.689065e+00,3.689065e+00,1.515152e+00,3.689065e+00,3.689065e+00,3.689065e+00,2.173913e+00,2.173913e+00,2.173913e+00,3.689065e+00,2.173913e+00,2.173913e+00,,,,,2.173913e+00,,,,,,,,,,,,,,,,,,,,,,,,,,,,,,,,,,,,,,,,,,,,,,,,,,,,,,,,,,,,,,,,,,,,,,,,,,,,,,,,,,,,,,,,,,,,,,,,,,,,,,,,,,,,,,,,,,8.695652e+00,1.515152e+00,1.515152e+00,1.515152e+00,1.515152e+00,1.515152e+00,1.515152e+00,1.515152e+00,,2.173913e+00,2.173913e+00,,,,,,1.515152e+00,1.515152e+00,5.204216e+00,5.204216e+00,5.204216e+00,5.204216e+00,,,,,,2.173913e+00,2.173913e+00,2.173913e+00,,2.173913e+00,2.173913e+00,,2.173913e+00,2.173913e+00,2.173913e+00,,,2.173913e+00,3.689065e+00,3.689065e+00,3.689065e+00,3.689065e+00,3.689065e+00,,,,,,,,,,,,,,,,,,,,,,,,,2.173913e+00,,,,,,,,,,,,,,,,,,,,,,,,,,,,,,,,,,,,,,,,,,,,,,,,,,,,,,,,,,,,,,,,,,,,,,,,,,,,,,,,,,,,,,,,,,,,,,,,,,,,,,,,,,,,,,,,,,,,,,,,,,,,,,,,,,,,,,,,,,,,,,,,,,,,,,,,,,,2.173913e+00,2.173913e+00,,,2.173913e+00,,,2.173913e+00,,,,,,,,,,,,,,,,,2.173913e+00,2.173913e+00,,,,,,,,,,,,,,,,,,,,,,,,,,,,,,,,,,,,,,,,,,,,,,,,,,,,,,,,,,,,,,,,,,,,,,,,,,,,,,,,,,,,
,,,,,,,,,,,,,,,,,,,,,,,,,,,,,,,,,,,,,,,,,,,,,,,,,,,,,,,,,,,,,,,,,,,,,,,,,,,,,,,,,,,,,,,,,,,,,,,,,,,,,,,,,,,,,,,,,,,,,,,,,,,,,,,,,,,,,,,,,,,,,,,,,,,,,,,,,,,,,,,,,,,,,,,,,,,,,,,,,,,,,,,,,,,,,,,,,,,,,,,,,,,,,,,,,,,,,,,,,,,,,,,,,,,,,,,3.030303e+00,,3.030303e+00,,,,,,,1.515152e+00,1.515152e+00,,,2.173913e+00,2.173913e+00,,1.515152e+00,,,2.173913e+00,1.515152e+00,3.689065e+00,3.689065e+00,3.689065e+00,5.862978e+00,3.689065e+00,1.515152e+00,3.689065e+00,3.689065e+00,3.689065e+00,3.689065e+00,3.689065e+00,3.689065e+00,3.689065e+00,3.689065e+00,3.689065e+00,2.173913e+00,2.173913e+00,,,,,,,,,,,,,,,,,,,,,,,,,,,,,,,,,,,,,,,,,,,,,,,,,,,,,,,,,,,,,,,,,,,,,,,,,,,,,,,,,,,,,,,,,,,,,,,,,,,,,,,,,,,,,,,,,,,,,,6.521739e+00,1.515152e+00,1.515152e+00,,,,,1.515152e+00,,1.515152e+00,1.515152e+00,,,,,,1.515152e+00,1.515152e+00,1.515152e+00,5.204216e+00,3.689065e+00,3.689065e+00,,,,,,,2.173913e+00,,,,,,,,,,,3.689065e+00,3.689065e+00,3.689065e+00,3.689065e+00,,,,,,,,,,,,,,,,,,,,,,,,,,,,,,,,,,,,,,,,,,,,,,,,,,,,,,,,,,,,,,,,,,,,,,,,,,,,,,,,,,,,,,,,,,,,,,,,,,,,,,,,,,,,,,,,,,,,,,,,,,,,,,,,,,,,,,,,,,,,,,,,,,,,,,,,,,,,,,,,,,,,,,,,,,,,,,,,,,,,,,,,,,,,,2.173913e+00,2.173913e+00,,,,,,,,,,,,,,,,,2.173913e+00,2.173913e+00,2.173913e+00,,,,,,,,,,,,,,,,,,,,,,,,,,,,,,,,,,,,,,,,,,,,,,,,,,,,,,,,,,,,,,,,,,,,,,,,,,,,,,,,,,
,,,,,,,,,,,,,,,,,,,,,,,,,,,,,,,,,,,,,,,,,,,,,,,,,,,,,,,,,,,,,,,,,,,,,,,,,,,,,,,,,,,,,,,,,,,,,,,,,,,,,,,,,,,,,,,,,,,,,,,,,,,,,,,,,,,,,,,,,,,,,,,,,,,,,,,,,,,,,,,,,,,,,,,,,,,,,,,,,,,,,,,,,,,,,,,,,,,,,,,,,,,,,,,,,,,,,,,,,,,,,,,,,,,,,,1.515152e+00,3.030303e+00,,1.515152e+00,,,,,,,,,,,3.689065e+00,2.173913e+00,1.515152e+00,,,2.173913e+00,3.689065e+00,5.204216e+00,1.515152e+00,3.689065e+00,3.689065e+00,3.689065e+00,3.689065e+00,3.689065e+00,5.204216e+00,3.689065e+00,3.689065e+00,3.689065e+00,3.689065e+00,3.689065e+00,3.689065e+00,2.173913e+00,3.689065e+00,2.173913e+00,,,,,2.173913e+00,,,,,,,,,,,,,,,,,,,,,,,,,,,,,,,,,,,,,,,,,,,,,,,,,,,,,,,,,,,,,,,,,,,,,,,,,,,,,,,,,,,,,,,,,,,,,,,,,,,,,,,,,,,,,,,,,,,1.515152e+00,1.515152e+00,1.515152e+00,,1.515152e+00,1.515152e+00,,1.515152e+00,1.515152e+00,,1.515152e+00,1.515152e+00,1.515152e+00,,,1.515152e+00,1.515152e+00,1.515152e+00,1.515152e+00,1.515152e+00,1.515152e+00,,,,,,2.173913e+00,2.173913e+00,,,,,,,,,,,2.173913e+00,,2.173913e+00,3.689065e+00,,,,,,,,,,,,,,,,,,,,,,,,,,,,,,,,,,,,,,,,,,,,,,,1.515152e+00,,,,,,,,,,,,,,,,,,,,,,,,,,,,,,,,,,,,,,,,,,,,,,,,,,,,,,,,,,,,,,,,,,,,,,,,,,,,,,,,,,,,,,,,,,,,,,,,,,,,,,,,,,,,,,,,,,,,,,,,,,,,,,,,,,,,,,,,,,,,,,2.173913e+00,2.173913e+00,,,1.515152e+00,1.515152e+00,,,,,,,,,,,,,2.173913e+00,2.173913e+00,2.173913e+00,2.173913e+00,,2.173913e+00,,,,,,,,,,,,,,,,,,,,,,,,,,,,,,,,,,,,,,,,,,,,,,,,,,,,,,,,,,,,,,,,,,,,,,,,,,,,,,,
,,,,,,,,,,,,,,,,,,,,,,,,,,,,,,,,,,,,,,,,,,,,,,,,,,,,,,,,,,,,,,,,,,,,,,,,,,,,,,,,,,,,,,,,,,,,,,,,,,,,,,,,,,,,,,,,,,,,,,,,,,,,,,,,,,,,,,,,,,,,,,,,,,,,,,,,,,,,,,,,,,,,,,,,,,,,,,,,,,,,,,,,,,,,,,,,,,,,,,,,,,,,,,,,,,,,,,,,,,,,,,,,,,,,,,1.515152e+00,3.030303e+00,1.515152e+00,1.515152e+00,1.515152e+00,,,,,,,,,,5.204216e+00,5.204216e+00,5.204216e+00,5.204216e+00,3.689065e+00,3.689065e+00,3.689065e+00,7.378129e+00,5.204216e+00,5.862978e+00,5.862978e+00,5.204216e+00,3.030303e+00,3.030303e+00,5.204216e+00,3.689065e+00,5.204216e+00,5.204216e+00,5.204216e+00,3.689065e+00,3.689065e+00,3.689065e+00,3.689065e+00,3.689065e+00,3.689065e+00,,3.689065e+00,2.173913e+00,2.173913e+00,2.173913e+00,,,,,,,,,,,,,,,,,,,,,,,,,,,,,,,,,,,,,,,,,,,,,,,,,,,,,,,,,,,,,,,,,,,,,,,,,,,,,,,,,,,,,,,,,,,,,,,,,,,,,,,,,,,,,,,,,,,,,,,,,,,,,,,,,1.515152e+00,1.515152e+00,1.515152e+00,1.515152e+00,1.515152e+00,,,2.173913e+00,2.173913e+00,2.173913e+00,2.173913e+00,2.173913e+00,2.173913e+00,2.173913e+00,,2.173913e+00,2.173913e+00,,,,,,,,,2.173913e+00,2.173913e+00,2.173913e+00,,,,,,,,,,,,,,,,,,,,,,,,,,,,,,,,,,,,,,,,,,,,,,,,,,,,,,,,,,,,,,,,,,,,,,,,,,,,,,,,,,,,,,,,,,,,,,,,,,,,,,,,,,,,,,,,,,,,,,,,,,,,,,,,,,,,,,,,,,,,,,,,,,,,,,,,,,,,,,,,,,,,,,,,,,,,,,,,,,,,,,,,,,,,,,,1.515152e+00,3.030303e+00,3.030303e+00,3.030303e+00,1.515152e+00,5.204216e+00,,,,,,,,,,2.173913e+00,2.173913e+00,2.173913e+00,2.173913e+00,,,,,,,,,,,,,,,,,,,,,,,,,,,,,,,,,,,,,,,,,,,,,,,,,,,,,,,,,,,,,,,,,,,,,,,,,,,,,,,,,
,,,,,,,,,1.515152e+00,,,,,,,,,,,,,,,,,,,,,,,,,,,,,,,,,,,,,,,,,,,,,,,,,,,,,,,,,,,,,,,,,,,,,,,,,,,,,,,,,,,,,,,,,,,,,,,,,,,,,,,,,,,,,,,,,,,,,,,,,,,,,,,,,,,,,,,,,,,,,,,,,,,,,,,,,,,,,,,,,,,,,,,,,,,,,,,,,,,,,,,,,,,,,,,,,,,,,,,,,,,,,,,,,,,,,,,5.144927e+01,,,1.515152e+00,1.515152e+00,,3.030303e+00,3.030303e+00,1.515152e+00,1.515152e+00,1.515152e+00,,,,,,,,,,3.689065e+00,3.689065e+00,4.347826e+00,2.173913e+00,2.173913e+00,2.173913e+00,2.173913e+00,8.893280e+00,7.378129e+00,5.862978e+00,7.378129e+00,8.893280e+00,6.060606e+00,1.040843e+01,8.893280e+00,5.204216e+00,5.204216e+00,7.378129e+00,9.552042e+00,5.204216e+00,3.689065e+00,7.378129e+00,3.689065e+00,3.689065e+00,3.689065e+00,1.515152e+00,1.515152e+00,,2.173913e+00,2.173913e+00,,,,,,,,,,,,,,,,,,,,,,,,,,,,,,,,,,,,,,,,,,,,,,,,,,,,,,,,,,,,,,,,,,,,,,,,,,,,,,,,,,,,,,,,,,,,,,,,,,,,,,,,,,,,,,,,,,,,1.515152e+00,,,,,,,,,,,,,1.515152e+00,1.515152e+00,3.689065e+00,3.689065e+00,1.515152e+00,1.515152e+00,3.689065e+00,2.173913e+00,2.173913e+00,,,2.173913e+00,2.173913e+00,2.173913e+00,4.347826e+00,2.173913e+00,2.173913e+00,2.173913e+00,2.173913e+00,2.173913e+00,2.173913e+00,2.173913e+00,2.173913e+00,2.173913e+00,2.173913e+00,2.173913e+00,2.173913e+00,2.173913e+00,,,,,,,,,,,,,,,,,,,,,,,,,,,,,,,,,,,,,,,,,,3.030303e+00,,,,,,,,,,,,,,,,,,,,,,,,,,,,,,,,,,,,,,,,,,,,,,,,,,,,,,,,,,,,,,,,,,,,,,,,,,,,,,,,,,,,,,,,,,,,,,,,,,,,,,,,,,,,,,,,,,,,,,,,,,,,,,,,,,,,,,,,,,,,1.515152e+00,,,,,,,,3.030303e+00,3.030303e+00,3.689065e+00,5.204216e+00,5.204216e+00,3.689065e+00,5.204216e+00,3.689065e+00,3.689065e+00,2.173913e+00,3.689065e+00,3.689065e+00,2.173913e+00,3.689065e+00,,2.173913e+00,2.173913e+00,,,,,,1.515152e+00,1.515152e+00,1.515152e+00,1.515152e+00,1.515152e+00,1.515152e+00,,,,,,,,,,,,,,,,,,,,,,,,,,,,,,,,,,,,,,,,,,,,,,,,,,,,,,,,,,,,,,,,,,,,,,,,,
,,,,,,,,,,,,,,,,,,,,,,,,,,,,,,,,,,,,,,,,,,,,,,,,,,,,,,,,,,,,,,,,,,,,,,,,,,,,,,,,,,,,,,,,,,,,,,,,,,,,,,,,,,,,,,,,,,,,,,,,,,,,,,,,,,,,,,,,,,,,,,,,,,,,,,,,,,,,,,,,,,,,,,,,,,,,,,,,,,,,,,,,,,,,,,,,,,,,,,,,,,,,,,,,,,,,,,,,,,,,,,,,4.472991e+01,,1.515152e+00,,1.515152e+00,,3.030303e+00,3.030303e+00,3.030303e+00,3.030303e+00,3.030303e+00,,,,,,,,,,3.689065e+00,3.689065e+00,2.173913e+00,2.173913e+00,2.173913e+00,2.173913e+00,2.173913e+00,5.204216e+00,7.378129e+00,7.378129e+00,8.893280e+00,1.040843e+01,6.060606e+00,1.040843e+01,1.040843e+01,5.204216e+00,5.204216e+00,5.204216e+00,3.689065e+00,3.689065e+00,3.689065e+00,5.204216e+00,3.689065e+00,,3.689065e+00,,2.173913e+00,2.173913e+00,2.173913e+00,2.173913e+00,,,,,,,,,,,,,,,,,,,,,,,,,,,,,,,,,,,,,,,,,,,,,,,,,,,,,,,,,,,,,,,,,,,,,,,,,,,,,,,,,,,,,,,,,,,,,,,,,,,,,,,,,,,,,,,,,,,,,,,,,,1.515152e+00,1.515152e+00,,,,,,1.515152e+00,1.515152e+00,3.689065e+00,3.689065e+00,1.515152e+00,1.515152e+00,3.689065e+00,2.173913e+00,,,,2.173913e+00,2.173913e+00,2.173913e+00,2.173913e+00,2.173913e+00,2.173913e+00,2.173913e+00,2.173913e+00,2.173913e+00,2.173913e+00,2.173913e+00,2.173913e+00,2.173913e+00,2.173913e+00,2.173913e+00,2.173913e+00,2.173913e+00,2.173913e+00,,,,,,,,,,,,,,,,,,,,,,,,,,,,,,,,,,,,,,,,,,,,,,,,,,,,,,,,,,,,,,,,,,,,,,,,,,,,,,,,,,,,,,,,,,,,,,,,,,,,,,,,,,,,,,,,,,,,,,,,,,,,,,,,,,,,,,,,,,,,,,,,,,,,,,,,,,,,,,,,,,,,,,,,,,,,,,,,,,,,,1.515152e+00,,,,,,,,3.030303e+00,1.515152e+00,1.515152e+00,3.030303e+00,3.030303e+00,3.030303e+00,5.204216e+00,3.689065e+00,2.173913e+00,2.173913e+00,2.173913e+00,2.173913e+00,,2.173913e+00,,,,2.173913e+00,2.173913e+00,,2.173913e+00,,,,1.515152e+00,1.515152e+00,1.515152e+00,1.515152e+00,1.515152e+00,,,,,,,,,,,1.515152e+00,,,,,,,,,,,,,,,,,,,,,,,,,,,,,,,,,,,,,,,,,,,,,,,,,,,,,,,,,,,,,
,,,,,,,,,,,,,,,,,,,,,,,,,,,,,,,,,,,,,,,,,,,,,,,,,,,,,,,,,,,,,,,,,,,,,,,,,,,,,,,,,,,,,,,,,,,,,,,,,,,,,,,,,,,,,,,,,,,,,,,,,,,,,,,,,,,,,,,,,,,,,,,,,,,,,,,,,,,,,,,,,,,,,,,,,,,,,,,,,,,,,,,,,,,,,,,,,,,,,,,,,,,,,,,,,,,,,,,,,,,,,,,,,2.173913e+00,2.173913e+00,,1.515152e+00,3.030303e+00,3.030303e+00,3.030303e+00,3.030303e+00,3.030303e+00,3.030303e+00,,,,,,,,,,3.689065e+00,3.689065e+00,3.689065e+00,3.689065e+00,3.689065e+00,2.173913e+00,2.173913e+00,8.893280e+00,8.893280e+00,8.893280e+00,8.234519e+00,8.234519e+00,8.234519e+00,6.719368e+00,4.545455e+00,9.552042e+00,9.552042e+00,9.552042e+00,3.689065e+00,5.204216e+00,7.378129e+00,5.204216e+00,3.689065e+00,2.173913e+00,3.689065e+00,2.173913e+00,,2.173913e+00,2.173913e+00,2.173913e+00,,,,,,,,,,,,,,,,,,,,,,,,,,,,,,,,,,,,,,,,,,,,,,,,,,,,,,,,,,,,,,,,,,,,,,,,,,,,,,,,,,,,,,,,,,,,,,,,,,,,,,,,,,,,,,,,,,,,,1.515152e+00,,,,,,,,,,,2.173913e+00,1.515152e+00,1.515152e+00,1.515152e+00,1.515152e+00,1.515152e+00,1.515152e+00,3.689065e+00,,,,,,2.173913e+00,2.173913e+00,2.173913e+00,2.173913e+00,2.173913e+00,2.173913e+00,2.173913e+00,2.173913e+00,2.173913e+00,2.173913e+00,2.173913e+00,2.173913e+00,2.173913e+00,2.173913e+00,2.173913e+00,2.173913e+00,2.173913e+00,,,,,,,,,,,,,,,,,,,,,,,,,,,,,,,,,,,,,,,,,,,,,,,,,,,,,,,,,,,,,,,,,,,,,,,,,,,,,,,,,,,,,,,,,,,,,,,,,,,,,,,,,,,,,,,,,,,,,,,,,,,,,,,,,,,,,,,,,,,,,,,,,,,,,,,,,,,,,,,,,,,,,,,,,,,,,,,,,,,,,1.515152e+00,,,,,,,,1.515152e+00,3.030303e+00,3.030303e+00,3.030303e+00,3.030303e+00,3.030303e+00,3.030303e+00,3.689065e+00,,2.173913e+00,2.173913e+00,1.515152e+00,,2.173913e+00,,,,,2.173913e+00,,,,1.515152e+00,1.515152e+00,,1.515152e+00,1.515152e+00,1.515152e+00,1.515152e+00,,,,,,,,,,,,,,,,,,,,,,,,,,,,,,,,,,,,,,,,,,,,,,,,,,,,,,,,,,,,,,,,,,,,,,,,
,,,,,,,,,,,,,,,,,,,,,,,,,,,,,,,,,,,,,,,,,,,,,,,,,,,,,,,,,,,,,,,,,,,,,,,,,,,,,,,,,,,,,,,,,,,,,,,,,,,,,,,,,,,,,,,,,,,,,,,,,,,,,,,,,,,,,,,,,,,,,,,,,,,,,,,,,,,,,,,,,,,,,,,,,,,,,,,,,,,,,,,,,,,,,,,,,,,,,,,,,,,,,,,,,,,,,,,,,,,,,,,,,1.515152e+00,,,3.030303e+00,3.030303e+00,3.030303e+00,3.030303e+00,3.030303e+00,3.030303e+00,3.030303e+00,,,,,,,,,,3.689065e+00,5.204216e+00,5.204216e+00,3.689065e+00,5.204216e+00,3.689065e+00,3.689065e+00,1.106719e+01,6.719368e+00,4.545455e+00,4.545455e+00,4.545455e+00,3.030303e+00,4.545455e+00,3.030303e+00,1.515152e+00,1.515152e+00,3.030303e+00,1.324111e+01,1.324111e+01,1.515152e+00,3.689065e+00,1.515152e+00,,,,,,3.689065e+00,,,,,,,,,,,,,,,,,,,,,,,,,,,,,,,,,,,,,,,,,,,,,,,,,,,,,,,,,,,,,,,,,,,,,,,,,,,,,,,,,,,,,,,,,,,,,,,,,,,,,,,,,,,,,,,,,,,,,,,,,,,,,,,,,,,1.515152e+00,,,,,,,,,,,,,4.347826e+00,4.347826e+00,4.347826e+00,5.862978e+00,5.862978e+00,1.515152e+00,4.347826e+00,2.173913e+00,2.173913e+00,2.173913e+00,2.173913e+00,2.173913e+00,2.173913e+00,2.173913e+00,2.173913e+00,,,,,,,,,,,,,,,,,,,,,,,,,,,,,,,,,,,,,,,,,,,,,,,,,,,,,,,,,,,,,,,,,,,,,,,,,,,,,,,,,,,,,,,,,,,,,,,,,,,,,,,,,,,,,,,,,,,,,,,,,,,,,,,,,,,,,,,,,,,,,,,,,,,,,,,,,,,,,1.515152e+00,,,,,,,,,,,,,,,,,,,,,,,,,,,,,,1.515152e+00,,3.030303e+00,1.515152e+00,1.515152e+00,3.030303e+00,3.030303e+00,3.030303e+00,3.030303e+00,1.515152e+00,1.515152e+00,1.515152e+00,,,,1.515152e+00,,,,,,,2.173913e+00,2.173913e+00,,,,,,,,,,,,,,,,,,,,,1.515152e+00,,,,,,,,,,,,,,,,,,,,,,,,,,,,,,,,,,,,,,,,,,,,,,,,,,,,,,,,,,
,,,,,,,,,,,,,,,,,,,,,,,,,,,,,,,,,,,,,,,,,,,,,,,,,,,,,,,,,,,,,,,,,,,,,,,,,,,,,,,,,,,,,,,,,,,,,,,,,,,,,,,,,,,,,,,,,,,,,,,,,,,,,,,,,,,,,,,,,,,,,,,,,,,,,,,,,,,,,,,,,,,,,,,,,,,,,,,,,,,,,,,,,,,,,,,,,,,,,,,,,,,,,,,,,,,,,,,,,,,,,,,,3.030303e+00,,,,1.515152e+00,3.030303e+00,3.689065e+00,3.689065e+00,1.515152e+00,,,,1.515152e+00,,,,,,,,,5.204216e+00,5.204216e+00,3.689065e+00,5.204216e+00,5.204216e+00,3.689065e+00,1.040843e+01,3.030303e+00,3.030303e+00,3.030303e+00,3.030303e+00,3.030303e+00,3.030303e+00,3.030303e+00,1.515152e+00,1.515152e+00,1.515152e+00,7.378129e+00,1.515152e+00,1.515152e+00,1.515152e+00,1.515152e+00,,,,,,,,,,,,,,,,,,,,,,,,,,,,,,,,,,,,,,,,,,,,,,,,,,,,,,,,,,,,,,,,,,,,,,,,,,,,,,,,,,,,,,,,,,,,,,,,,,,,,,,,,,,,,,,,,,,,,,,,,,,,1.739130e+01,8.695652e+00,2.173913e+00,,,,,,,,,,,,,,,,,,,,,,,,2.173913e+00,2.173913e+00,2.173913e+00,2.173913e+00,2.173913e+00,2.173913e+00,2.173913e+00,2.173913e+00,2.173913e+00,2.173913e+00,2.173913e+00,2.173913e+00,2.173913e+00,2.173913e+00,2.173913e+00,,,,,,,,,,,,,,,,,,,,,,,,,,,,,,,,,,,,,,,,,,,,,,,,,,,,,,,,,,,,,,,,,,,,,,,,,,,,,,,,,,,,,,,,,,,,,,,,,,,,,,,,,,,,,,,,,,,,,,,,,,,,,,,,,,,,,,,,,,,,,,,,,,,,,,,,,,,,,,1.515152e+00,3.030303e+00,3.030303e+00,3.030303e+00,3.030303e+00,3.030303e+00,3.030303e+00,3.030303e+00,,,,,,,,,,,,,,,,1.515152e+00,1.515152e+00,1.515152e+00,1.515152e+00,,1.515152e+00,3.030303e+00,3.030303e+00,1.515152e+00,1.515152e+00,1.515152e+00,1.515152e+00,1.515152e+00,1.515152e+00,1.515152e+00,,2.173913e+00,2.173913e+00,2.173913e+00,2.173913e+00,2.173913e+00,2.173913e+00,,,,,2.173913e+00,,,,,,,,,,,,,,,,,,,,,,,,,,,,,,,,,,,,,,,,,,,,,,,,,,,,,,,,,,,,,,,,,,,,,,,,,,,,,,,,,,
,,,,,,,,,,,,,,,,,,,,,,,,,,,,,,,,,,,,,,,,,,,,,,,,,,,,,,,,,,,,,,,,,,,,,,,,,,,,,,,,,,,,,,,,,,,,,,,,,,,,,,,,,,,,,,,,,,,,,,,,,,,,,,,,,,,,,,,,,,,,,,,,,,,,,,,,,,,,,,,,,,,,,,,,,,,,,,,,,,,,,,,,,,,,,,,,,,,,,,,,,,,,,,,,,,,,,,,,,,,,,,,,1.258235e+01,,3.030303e+00,3.030303e+00,4.545455e+00,1.515152e+00,3.689065e+00,3.689065e+00,1.515152e+00,,,,1.515152e+00,,,,,,,,,5.204216e+00,5.204216e+00,5.204216e+00,5.204216e+00,5.204216e+00,5.204216e+00,8.893280e+00,7.378129e+00,7.378129e+00,3.030303e+00,3.030303e+00,3.030303e+00,5.204216e+00,5.204216e+00,3.030303e+00,1.515152e+00,7.378129e+00,3.030303e+00,7.378129e+00,5.204216e+00,5.204216e+00,1.515152e+00,,,,,,,,,,,,,,,,,,,,,,,,,,,,,,,,,,,,,,,,,,,,,,,,,,,,,,,,,,,,,,,,,,,,,,,,,,,,,,,,,,,,,,,,,,,,,,,,,,,,,,,,,,,,,,,,,,,,,,,,,,,,,,4.347826e+00,,,,,,,,,,,,,,,,,,,,,,,,2.173913e+00,2.173913e+00,2.173913e+00,4.347826e+00,4.347826e+00,2.173913e+00,2.173913e+00,,2.173913e+00,2.173913e+00,2.173913e+00,2.173913e+00,2.173913e+00,2.173913e+00,2.173913e+00,,,,,,,,,,,,,,,,,,,,,,,,,,,,,,,,,,,,,,,,,,,,,,,,,,,,,,,,,,,,,,,,,,,,,,,,,,,,,,,,,,,,,,,,,,,,,,,,,,,,,,,,,,,,,,,,,,,,,,,,,,,,,,,,,,,,,,,,,,,,,,,,,,,,,,,,,,,,,1.515152e+00,1.515152e+00,3.030303e+00,3.030303e+00,3.030303e+00,3.030303e+00,3.030303e+00,3.030303e+00,3.030303e+00,,,,,,,,,,,,,,,,1.515152e+00,3.689065e+00,3.689065e+00,1.515152e+00,1.515152e+00,1.515152e+00,3.030303e+00,1.515152e+00,1.515152e+00,1.515152e+00,1.515152e+00,1.515152e+00,1.515152e+00,1.515152e+00,1.515152e+00,1.515152e+00,2.173913e+00,2.173913e+00,2.173913e+00,2.173913e+00,,,,,,,,,,,,,,,,,,,,,,,,,,,,,,,,,,,,,,,,,,,,,,,,,,,,,,,,,,,,,,,,,,,,,,,,,,,,,,,,,,,,,,,,,
,,,,,,,,,,,,,,,,,,,,,,,,,,,,,,,,,,,,,,,,,,,,,,,,,,,,,,,,,,,,,,,,,,,,,,,,,,,,,,,,,,,,,,,,,,,,,,,,,,,,,,,,,,,,,,,,,,,,,,,,,,,,,,,,,,,,,,,,,,,,,,,,,,,,,,,,,,,,,,,,,,,,,,,,,,,,,,,,,,,,,,,,,,,,,,,,,,,,,,,,,,,,,,,,,,,,,,,,,,,,,,,,5.204216e+00,4.545455e+00,4.545455e+00,4.545455e+00,6.060606e+00,1.515152e+00,1.515152e+00,1.515152e+00,,,,,1.515152e+00,,,,,,,,,2.173913e+00,3.689065e+00,5.204216e+00,5.204216e+00,3.689065e+00,5.204216e+00,7.378129e+00,3.030303e+00,3.030303e+00,5.204216e+00,3.030303e+00,5.204216e+00,5.204216e+00,3.030303e+00,5.204216e+00,5.204216e+00,5.204216e+00,5.204216e+00,5.204216e+00,5.862978e+00,5.862978e+00,,,,,,,,,,,,,,,,,,,,,,,,,,,,,,,,,,,,,,,,,,,,,,,,,,,,,,,,,,,,,,,,,,,,,,,,,,,,,,,,,,,,,,,,,,,,,,,,,,,,,,,,,,,,,,,,,,,,,,,,,,,,,,,4.347826e+00,,,,,,,,,,,,,,,,,,,,,,,,2.173913e+00,4.347826e+00,4.347826e+00,2.173913e+00,4.347826e+00,2.173913e+00,,2.173913e+00,,2.173913e+00,2.173913e+00,2.173913e+00,2.173913e+00,2.173913e+00,2.173913e+00,,,,,,,,,,,,,,,,,,,,,,,,,,,,,,,,,,,,,,,,,,,,,,,,,,,,,,,,,,,,,,,,,,,,,,,,,,,,,,,,,,,,,,,,,,,,,,,,,,,,,,,,,,,,,,,,,,,,,,,,,,,,,,,,,,,,,,,,,,,,,,,,,,,,,,,,,,,,,1.515152e+00,1.515152e+00,3.030303e+00,3.030303e+00,3.030303e+00,3.030303e+00,3.030303e+00,3.030303e+00,3.030303e+00,,,,,,,,,,,,,,,,1.515152e+00,1.515152e+00,3.689065e+00,1.515152e+00,1.515152e+00,1.515152e+00,1.515152e+00,1.515152e+00,1.515152e+00,1.515152e+00,1.515152e+00,1.515152e+00,1.515152e+00,1.515152e+00,1.515152e+00,,2.173913e+00,,,,,,,,,,,,,,,,,,,,,,,,,,,,,,,,,,,,,,,,,,,,,,,,,,,,,,,,,,,,,,,,,,,,,,,,,,,,,,,,,,,,,,,,,,,,
,,,,,,,,,,,,,,,,,,,,,,,,,,,,,,,,,,,,,,,,,,,,,,,,,,,,,,,,,,,,,,,,,,,,,,,,,,,,,,,,,,,,,,,,,,,,,,,,,,,,,,,,,,,,,,,,,,,,,,,,,,,,,,,,,,,,,,,,,,,,,,,,,,,,,,,,,,,,,,,,,,,,,,,,,,,,,,,,,,,,,,,,,,,,,,,,,,,,,,,,,,,,,,,,,,,,,,,,,,,,,1.758893e+01,,,1.515152e+00,6.719368e+00,7.378129e+00,9.552042e+00,6.719368e+00,1.515152e+00,1.515152e+00,1.515152e+00,,,,,1.515152e+00,,,,,,,,,,2.173913e+00,2.173913e+00,2.173913e+00,2.173913e+00,2.173913e+00,1.515152e+00,1.515152e+00,1.515152e+00,,1.515152e+00,,,1.515152e+00,7.378129e+00,5.204216e+00,7.378129e+00,3.689065e+00,3.689065e+00,3.689065e+00,,,,,,,,,,,,,,,,,,,,,,,,,,,,,,,,,,,,,,,,,,,,,,,,,,,,,,,,,,,,,,,,,,,,,,,,,,,,,,,,,,,,,,,,,,,,,,,,,,,,,,,,,,,,,,,,,,,,,,,,,,,,,,,,8.695652e+00,,,,,,,,,,,,,,,,,,,,,,,,,,,,,,1.515152e+00,,2.173913e+00,2.173913e+00,2.173913e+00,,,,,,,,,,,,,,,,,,,,,,,,,,,,,,,,,,,,,,,,,,,,,,,,,,,,,,,,,,,,,,,,,,,,,,,,,,,,,,,,,,,,,,,,,,,,,,,,,,,,,,,,,,,,,,,,,,,,,,,,,,,,,,,,,,,,,,,,,,,,,,,,,,,,,,,,,,,,,,,,,,,1.515152e+00,1.515152e+00,1.515152e+00,,,,,,,,,,,,,,,,,,,,,2.173913e+00,2.173913e+00,2.173913e+00,2.173913e+00,2.173913e+00,3.689065e+00,1.515152e+00,,,,,,,1.515152e+00,,,,,,,,,,,,,,,,2.173913e+00,2.173913e+00,2.173913e+00,2.173913e+00,2.173913e+00,2.173913e+00,2.173913e+00,,,,,,,,,,,,,,,,,,,,,,,,,,,,,,,,,,,,,,,,,,,,,,,,,,,,,,,,,,,,,,,,,,,,,,,,
,,,,,,,,,,,,,,,,,,,,,,,,,,,,,,,,,,,,,,,,,,,,,,,,,,,,,,,,,,,,,,,,,,,,,,,,,,,,,,,,,,,,,,,,,,,,,,,,,,,,,,,,,,,,,,,,,,,,,,,,,,,,,,,,,,,,,,,,,,,,,,,,,,,,,,,,,,,,,,,,,,,,,,,,,,,,,,,,,,,,,,,,,,,,,,,,,,,,,,,,,,,,,,,,,,,,,,,,,,,5.144927e+01,4.301713e+01,4.453228e+01,,1.515152e+00,,1.040843e+01,1.475626e+01,3.030303e+00,5.204216e+00,,,,,,,,1.515152e+00,1.515152e+00,,,1.515152e+00,,,,,,2.173913e+00,2.173913e+00,2.173913e+00,2.173913e+00,2.173913e+00,,1.515152e+00,,,,,1.515152e+00,3.030303e+00,7.378129e+00,7.378129e+00,5.204216e+00,,,,,,,,,,,,,,,,,,,,,,,,,,,,,,,,,,,,,,,,,,,,,,,,,,,,,,,,,,,,,,,,,,,,,,,,,,,,,,,,,,,,,,,,,,,,,,,,,,,,,,,,,,,,,,,,,,,,,,,,,,,,,,,,,,,,,,,,,,,,,,,,,,,,,,,,,,,,,,,,,,,2.173913e+00,2.173913e+00,2.173913e+00,,,,,,,,,,,,,,,,,,,,,,,,,,,,,,,,,,,,,,,,,,,,,,,,,,,,,,,,,,,,,,,,,,,,,,,,,,,,,,,,,,,,,,,,,,,,,,,,,,,,,,,,,,,,,,,,,,,,,,,,,,,,,,,,,,,,,,,,,,,,,,,,,,,,,,,,,,,,,,,,,,,,,,,,,,1.515152e+00,,,,,,,,,,,,,,,,,2.173913e+00,2.173913e+00,2.173913e+00,2.173913e+00,2.173913e+00,3.689065e+00,2.173913e+00,2.173913e+00,2.173913e+00,2.173913e+00,2.173913e+00,2.173913e+00,2.173913e+00,,,,,,,,,,,2.173913e+00,1.515152e+00,1.515152e+00,1.515152e+00,,2.173913e+00,2.173913e+00,2.173913e+00,2.173913e+00,,,2.173913e+00,,,,,,,,,,,,,,,,,2.173913e+00,,,,,,,,,,,,,,,,,,,,,,,,,,,,,,,,,,,,,,,,,,,,,,,,,,,,,,,
,,,,,,,,,,,,,,,,,,,,,,,,,,,,,,,,,,,,,,,,,,,,,,,,,,,,,,,,,,,,,,,,,,,,,,,,,,,,,,,,,,,,,,,,,,,,,,,,,,,,,,,,,,,,,,,,,,,,,,,,,,,,,,,,,,,,,,,,,,,,,,,,,,,,,,,,,,,,,,,,,,,,,,,,,,,,,,,,,,,,,,,,,,,,,,,,,,,,,,,,,,,,,,,,,,,,,,,,,,,3.214756e+01,6.297760e+01,1.890646e+01,,1.389987e+01,8.036890e+00,8.893280e+00,1.475626e+01,5.204216e+00,1.515152e+00,,,,,,,,1.515152e+00,1.515152e+00,,1.515152e+00,1.515152e+00,,,,,,2.173913e+00,2.173913e+00,2.173913e+00,2.173913e+00,2.173913e+00,,,,,,,1.515152e+00,3.030303e+00,7.378129e+00,7.378129e+00,3.689065e+00,,,,,,,,,,,,,,,,,,,,,,,,,,,,,,,,,,,,,,,,,,,,,,,,,,,,,,,,,,,,,,,,,,,,,,,,,,,,,,,,,,,,,,,,,,,,,,,,,,,,,,,,,,,,,,,,,,,,,,,,,,,,,,,,,2.173913e+00,,,,,,,,,,,,,2.173913e+00,,,,,,,,,,,,,,,,,,,,,2.173913e+00,,,,,,,,,,,,,,,,,,,,,,,,,,,,,,,,,,,,,,,,,,,,,,,,,,,,,,,,,,,,,,,,,,,,,,,,,,,,,,,,,,,,,,,,,,,,,,,,,,,,,,,,,,,,,,,,,,,,,,,,,,,,,,,,,,,,,,,,,,,,,,,,,,,,,,,,,,,,,,,,,,,,,,,,,,,,1.515152e+00,,,,,,,,,,,,,,,2.173913e+00,2.173913e+00,2.173913e+00,2.173913e+00,2.173913e+00,2.173913e+00,2.173913e+00,3.689065e+00,2.173913e+00,2.173913e+00,3.689065e+00,3.689065e+00,2.173913e+00,2.173913e+00,2.173913e+00,,,,,,,,,,,,,1.515152e+00,1.515152e+00,,,2.173913e+00,2.173913e+00,2.173913e+00,,,2.173913e+00,,,,,,,,,,,,,,,,,2.173913e+00,2.173913e+00,,,,,,,,,,,,,,,,,,,,,,,,,,,,,,,,,,,,,,,,,,,,,,,,,,,,,,
,,,,,,,,,,,,,,,,,,,,,,,,,,,,,,,,,,,,,,,,,,,,,,,,,,,,,,,,,,,,,,,,,,,,,,,,,,,,,,,,,,,,,,,,,,,,,,,,,,,,,,,,,,,,,,,,,,,,,,,,,,,,,,,,,,,,,,,,,,,,,,,,,,,,,,,,,,,,,,,,,,,,,,,,,,,,,,,,,,,,,,,,,,,,,,,,,,,,,,,,,,,,,,,,,,,,,,,,,,,8.181818e+01,4.584980e+01,5.777338e+01,,3.735178e+01,1.238472e+01,,1.238472e+01,1.541502e+01,5.862978e+00,,,,,,,,1.515152e+00,1.515152e+00,1.515152e+00,,,,,,,,2.173913e+00,2.173913e+00,2.173913e+00,2.173913e+00,2.173913e+00,1.515152e+00,,,,,,1.515152e+00,3.030303e+00,1.515152e+00,1.515152e+00,,,,,,,,,,,,,,,,,,,,,,,,,,,,,,,,,,,,,,,,,,,,,,,,,,,,,,,,,,,,,,,,,,,,,,,,,,,,,,,,,,,,,,,,,,,,,,,,,,,,,,,,,,,,,,,,,,,,,,,,,,,,,,,,,,2.173913e+00,2.173913e+00,,1.818182e+01,,6.719368e+00,3.689065e+00,,,,,,,,,,,,,,,,,,,,,,,,,,,,2.173913e+00,2.173913e+00,,,,,,,,,,,,,,,,,,,,,,,,,,,,,,,,,,,,,,,,,,,,,,,,,,,,,,,,,,,,,,,,,,,,,,,,,,,,,,,,,,,,,,,,,,,,,,,,,,,,,,,,,,,,,,,,,,,,,,,,,,,,,,,,,,,,,,,,,,,,,,,,,,,,,,,,,,,,,,,,,,,,,,,,,,,1.515152e+00,,,,,,,,,,,,,,,,2.173913e+00,2.173913e+00,2.173913e+00,2.173913e+00,2.173913e+00,2.173913e+00,3.689065e+00,3.689065e+00,3.689065e+00,3.689065e+00,3.689065e+00,3.689065e+00,3.689065e+00,3.689065e+00,,,,,,,,,,,,,1.515152e+00,1.515152e+00,,,2.173913e+00,,2.173913e+00,2.173913e+00,,,,,,,,,,,,,,,,,,,2.173913e+00,2.173913e+00,,,,,,,,,,,,,,,,,,,,,,,,,,,,,,,,,,,,,,,,,,,,,,,,,,,,,,
,,,,,,,,,,,,,,,,,,,,,,,,,,,,,,,,,,,,,,,,,,,,,,,,,,,,,,,,,,,,,,,,,,,,,,,,,,,,,,,,,,,,,,,,,,,,,,,,,,,,,,,,,,,,,,,,,,,,,,,,,,,,,,,,,,,,,,,,,,,,,,,,,,,,,,,,,,,,,,,,,,,,,,,,,,,,,,,,,,,,,,,,,,,,,,,,,,,,,,,,,,,,,,,,,,,,,,,,,,,3.043478e+01,4.802372e+01,4.169960e+01,,,,2.173913e+00,4.347826e+00,1.824769e+01,1.976285e+01,3.689065e+00,3.689065e+00,1.515152e+00,1.515152e+00,,,,,,,,,,,,,,,,,,,3.030303e+00,3.030303e+00,3.030303e+00,1.515152e+00,,1.515152e+00,1.515152e+00,3.030303e+00,1.515152e+00,3.030303e+00,,,,,,,,,,,,,,,,,,,,,,,,,,,,,,,,,,,,,,,,,,,,,,,,,,,,,,,,,,,,,,,,,,,,,,,,,,,,,,,,,,,,,,,,,,,,,,,,,,,,,,,,,,,,,,,,,,,,,,,,,,,,,,,,,,,,,2.325428e+01,5.204216e+00,,,,,,,,,,,,,,,,,,,,,,,,,,,,,,,,,,,,,,,,,,,,,,,,,,,,,,,,,,,,,,,,,,,,,,,,,,,,,,,,,,,,,,,,,,,,,,,,,,,,,,,,,,,,,,,,,,,,,,,,,,,,,,,,,,,,,,,,,,,,,,,,,,,,,,,,,,,,,,,,,,,,,,,,,,,,,,,,,,,,,,,,,,,,,,,,,,,,,,,,,,,,,,,,,,,,,,,,,,,,,,,,,,,,,2.173913e+00,2.173913e+00,2.173913e+00,,,,,,,,,,,,,1.515152e+00,1.515152e+00,1.515152e+00,,2.173913e+00,,,,,,2.173913e+00,,,,,,,,,,,,,,,,,,,,,,,,,,,,,,,,,,,,,,,,,,,,,,,,,,,,,,,,,,,,,,,,,,,,,,,
,,,,,,,,,,,,,,,,,,,,,,,,,,,,,,,,,,,,,,,,,,,,,,,,,,,,,,,,,,,,,,,,,,,,,,,,,,,,,,,,,,,,,,,,,,,,,,,,,,,,,,,,,,,,,,,,,,,,,,,,,,,,,,,,,,,,,,,,,,,,,,,,,,,,,,,,,,,,,,,,,,,,,,,,,,,,,,,,,,,,,,,,,,,,,,,,,,,,,,,,,,,,,,,,,,,,,,,,,,4.084322e+01,4.519104e+01,5.540184e+01,1.515152e+00,8.893280e+00,,,,,1.673254e+01,1.541502e+01,2.173913e+00,,,,,,,,,,,,,,,,,,,,,,,1.515152e+00,1.515152e+00,1.515152e+00,3.030303e+00,3.030303e+00,1.515152e+00,1.515152e+00,1.515152e+00,1.515152e+00,1.515152e+00,1.515152e+00,,,,,,,,,,,,,,,,,,,,,,,,,,,,,,,,,,,,,,,,,,,,,,,,,,,,,,,,,,,,,,,,,,,,,,,,,,,,,,,,,,,,,,,,,,,,,,,,,,,,,,,,,,,,,,,,,,,,,,,,,,,,,,,,,,,2.173913e+00,3.689065e+00,,,,,,,,,,,,,,,,,,,,,,,,,,,,,,,,,,,,,,,,,,,,,,,,,,,,,,,,,,,,,,,,,,,,,,,,,,,,,,,,,,,,,,,,,,,,,,,,,,,,,,,,,,,,,,,,,,,,,,,,,,,,,,,,,,,,,,,,,,,,,,,,,,,,,,,,,,,,,,,,,,,,,,,,,,,,,,,,,,,,,,,,,,,,,,,,,,,,,,,,,,,,,,,,,,,,,,,,,,,,,,,,,,,,2.173913e+00,2.173913e+00,2.173913e+00,2.173913e+00,,,,,,,,,,,1.515152e+00,,1.515152e+00,1.515152e+00,,,,,,,,,2.173913e+00,,,,,,,,,,,,,,,,,,,,,,,,,,,,,,,,,,,,,,,,,,,,,,,,,,,,,,,,,,,,,,,,,,,,,,,
,,,,,,,,,,,,,,,,,,,,,,,,,,,,,,,,,,,,,,,,,,,,,,,,,,,,,,,,,,,,,,,,,,,,,,,,,,,,,,,,,,,,,,,,,,,,,,,,,,,,,,,,,,,,,,,,,,,,,,,,,,,,,,,,,,,,,,,,,,,,,,,,,,,,,,,,,,,,,,,,,,,,,,,,,,,,,,,,,,,,,,,,,,,,,,,,,,,,,,,,,,,,,,,,,,,,,,,,,,2.108037e+01,3.148880e+01,8.234519e+00,1.515152e+00,4.347826e+00,,,,,,2.173913e+00,1.515152e+00,1.515152e+00,,,,,,,,,,,,,,,,,,,,,1.515152e+00,1.515152e+00,1.515152e+00,,3.030303e+00,1.515152e+00,1.515152e+00,3.030303e+00,,,,,,,,,,,,,,,,,,,,,,,,,,,,,,,,,,,,,,,,,,,,,,,,,,,,,,,,,,,,,,,,,,,,,,,,,,,,,,,,,,,,,,,,,,,,,,,,,,,,,,,,,,,,,,,,,,,,,,,,,,,,,,,,,,,,,,,,,,,,,,,,,,,,,,,,,,,,,,,,,,,,,,,,,,,,,,,,,,,,,,,,,,,,,,,,,,,,,,,,,,,,,,,,,,,,,,,,,,,,,,,,,,,,,,,,,,,,,,,,,,,,,,,,,,,,,,,,,,,,,,,,,,,,,,,,,,,,,,,,,,,,,,,,,,,,,,,,,,,,,,,,,,,,,,,,,,,,,,,,,,,,,,,,,,,,,,,,,,,,,,,,,,,,,,,,,,,,,,,,1.515152e+00,,,,,,,,,,,,,,,,,,,1.515152e+00,1.515152e+00,1.515152e+00,,,2.173913e+00,,,,,,2.173913e+00,,,,,,,,,,,,,,,,,,,,,,,,,,,,,,,,,,,,,,,,,,,,,,,,,,,,,,,,,,,,,,,,,,,,,,,
,,,,,,,,,,,,,,,,,,,,,,,,,,,,,,,,,,,,,,,,,,,,,,,,,,,,,,,,,,,,,,,,,,,,,,,,,,,,,,,,,,,,,,,,,,,,,,,,,,,,,,,,,,,,,,,,,,,,,,,,,,,,,,,,,,,,,,,,,,,,,,,,,,,,,,,,,,,,,,,,,,,,,,,,,,,,,,,,,,,,,,,,,,,,,,,,,,,,,,,,,,,,,,,,,,,,,,,,,,1.515152e+00,4.545455e+00,3.083004e+01,1.607378e+01,,,,,,,,,,1.515152e+00,,,,,,,,,,,,,2.173913e+00,,,,,,,,,,3.030303e+00,3.030303e+00,3.030303e+00,3.030303e+00,3.030303e+00,1.515152e+00,,3.030303e+00,3.030303e+00,,,,,,,,,,,,,,,,,,,,,,,,,,,,,,,,,,,,,,,,,,,,,,,,,,,,,,,,,,,,,,,,,,,,,,,,,,,,,,,,,,,,,,,,,,,,,,,,,,,,,,,,,,,,,,,,,,,,,,,,,,,,,,,,,,,,,,,,,,,,,,,,,,,,,,,,,,,,,,,,,,,,,,,,,,,,,,,,,,,,,,,,,,,,,,,,,,,,,,,,,,,,,,,,,,,,,,,,,,,,,,,,,,,,,,,,,,,,,,,,,,,,,,,,,,,,,,,,,,,,,,,,,,,,,,,,,,,,,,,,,,,,,,,,,,,,,,,,,,,,,,,,,,,,,,,,,,,,,,,,,,,,,,,,,,,,,,,,,,,,,,,,,,,,,,,,,,,,,,,,,,,,,,,,,,,,,,,,,,1.515152e+00,,,,,,,,,,,,,,,,,,,,,,,,,,,,,,,,,,,,,,,,,,,,,,,,,,,,,,,,,,,,,,,,,,,,,,,,,,,,,,,
,,,,,,,,,,,,,,,,,,,,,,,,,,,,,,,,,,,,,,,,,,,,,,,,,,,,,,,,,,,,,,,,,,,,,,,,,,,,,,,,,,,,,,,,,,,,,,,,,,,,,,,,,,,,,,,,,,,,,,,,,,,,,,,,,,,,,,,,,,,,,,,,,,,,,,,,,,,,,,,,,,,,,,,,,,,,,,,,,,,,,,,,,,,,,,,,,,,,,,,,,,,,,,,,,,,,,,,,,4.453228e+01,4.084322e+01,1.627141e+01,5.467721e+01,,,,,,,,,,,,,,,,,,,,,,,,,,,,,,,,,,,1.515152e+00,1.515152e+00,1.515152e+00,,1.515152e+00,1.515152e+00,,,,,,,,,,,,,,,,,,,,,,,,,,,,,,,,,,,,,,,,,,,,,,,,,,,,,,,,,,,,,,,,,,,,,,,,,,,,,,,,,,,,,,,,,,,,,,,,,,,,,,,,,,,,,,,,,,,,,,,,,,,,,,,,,,,,,,6.521739e+00,2.173913e+00,,,,,,,,,,,,,,,,,,,,,,,,,,,,,,,,,,,,,,,,,,,,,,,,,,,,,,,,,,,,,,,,,,,,,,,,,,,,,,,,,,,,,,,,,,,,,,,,,,,,,,,,,,,,,,,,,,,,,,,,,,,,,,,,,,,,,,,,,,,,,,,,,,,,,,,,,,,,,,,,,,,,,,,,,,,,,,,,,,,,,,,,,,,,,,,,,,1.515152e+00,,,,,,,,,,,,,,,,,,,,,,,,,,,,,,,,,,,,,,,,,,,,1.515152e+00,1.515152e+00,1.515152e+00,1.515152e+00,1.515152e+00,1.515152e+00,1.515152e+00,,,,,,,,,,,,,,,,,,,,,,,,,,,,,,,,,,,,,,,,,,,,,,,,,,,,,,,,,,,,,,,,,,,,,,,,,,,,,,,,
,,,,,,,,,,,,,,,,,,,,,,,,,,,,,,,,,,,,,,,,,,,,,,,,,,,,,,,,,,,,,,,,,,,,,,,,,,,,,,,,,,,,,,,,,,,,,,,,,,,,,,,,,,,,,,,,,,,,,,,,,,,,,,,,,,,,,,,,,,,,,,,,,,,,,,,,,,,,,,,,,,,,,,,,,,,,,,,,,,,,,,,,,,,,,,,,,,,,,,,,,,,,,,,,,,,,,,,,,1.343874e+01,1.192358e+01,4.749670e+01,4.077734e+01,,,,,,,,,,,,,,,,,,,,,,,,,,,,,,,,,,1.515152e+00,1.515152e+00,1.515152e+00,1.515152e+00,1.515152e+00,3.030303e+00,,,,,,,,,,,,,,,,,,,,,,,,,,,,,,,,,,,,,,,,,,,,,,,,,,,,,,,,,,,,,,,,,,,,,,,,,,,,,,,,,,,,,,,,,,,,,,,,,,,,,,,,,,,,,,,,,,,,,,,,,,,,,,,,,,,,,,,,,,,,,,,,,,,,,,,,,,,,,,,,,,,,,,,,,,,,,,,,,,,,,,,,,,,,,,,,,,,,,,,,,,,,,,,,,,,,,,,,,,,,,,,,,,,,,,,,,,,,,,,,,,,,,,,,,,,,,,,,,,,,,,,,,,,,,,,,,,,,,,,,,,,,,,,,,,,,,,,,,,,,,,,,,,,,,,,,,,,,,,,,,,,,,,,,,,,,,,,,,,,,,,,,,,,,,,,,,,,,,,,,,,,,,,,,1.515152e+00,1.515152e+00,,,,,1.515152e+00,1.515152e+00,1.515152e+00,1.515152e+00,1.515152e+00,1.515152e+00,1.515152e+00,,,,,,,,,,,,,,,,,,,,,,,,,,,,,,,,,,,,,,,,,,,,,,,,,,,,,,,,,,,,,,,,,,,,,,,,,,,,,,,,
,,,,,,,,,,,,,,,,,,,,,,,,,,,,,,,,,,,,,,,,,,,,,,,,,,,,,,,,,,,,,,,,,,,,,,,,,,,,,,,,,,,,,,,,,,,,,,,,,,,,,,,,,,,,,,,,,,,,,,,,,,,,,,,,,,,,,,,,,,,,,,,,,,,,,,,,,,,,,,,,,,,,,,,,,,,,,,,,,,,,,,,,,,,,,,,,,,,,,,,,,,,,,,,,,,,,,,,,,8.893280e+00,1.040843e+01,5.335968e+01,2.364954e+01,,,,,,,,,,,,,,,,,,,,,,,,,,,,,,,,,,1.515152e+00,1.515152e+00,1.515152e+00,1.515152e+00,,,,,,,,,,,,,,,,,,,,,,,,,,,,,,,,,,,,,,,,,,,,,,,,,,,,,,,,,,,,,,,,,,,,,,,,,,,,,,,,,,,,,,,,,,,,,,,,,,,,,,,,,,,,,,,,,,,,,,,,,,,,,,,,,,,,,,,,,,,,,,,,,,,,,,,,,,,,,,,,,,,,,,,,,,,,,,,,,,,,,,,,,,,,,,,,,,,,,,,,,,,,,,,,,,,,,,,,,,,,,,,,,,,,,,,,,,,,,,,,,,,,,,,,,,,,,,,,,,,,,,,,,,,,,,,,,,,,,,,,,,,,,,,,,,,,,,,,,,,,,,,,,,,,,,,,,,,,,,,,,,,,,,,,,,,,,3.030303e+00,,,,,,,,,,,,,,,,,,,,,,,,,,,,,,,,,,,,,,,,,,,,1.515152e+00,1.515152e+00,1.515152e+00,1.515152e+00,1.515152e+00,1.515152e+00,,,,,,,,,,,,,,,,,,,,,,,,,,,,,,,,,,,,,,,,,,,,,,,,,,,,,,,,,,,,,,,,,,,,,,,,,,,,,,,,
,,,,,,,,,,,,,,,,,,,,,,,,,,,,,,,,,,,,,,,,,,,,,,,,,,,,,,,,,,,,,,,,,,,,,,,,,,,,,,,,,,,,,,,,,,,,,,,,,,,,,,,,,,,,,,,,,,,,,,,,,,,,,,,,,,,,,,,,,,,,,,,,,,,,,,,,,,,,,,,,,,,,,,,,,,,,,,,,,,,,,,,,,,,,,,,,,,,,,,,,,,,,,,,,,,,,,,,,,5.862978e+00,4.347826e+00,3.754941e+01,3.689065e+00,,,,,2.173913e+00,,2.173913e+00,,,,,,,,,,,,,,,,,,,,,,,,,,,,,,,,1.515152e+00,,,,,,,,,,,,,,,,,,,,,,,,,,,,,,,,,,,,,,,,,,,,,,,,,,,,,,,,,,,,,,,,,,,,,,,,,,,,,,,,,,,,,,,,,,,,,,,,,,,,,,,,,,,,,,,,,,,,,,,,,,,,,,,,,,,,,,,,,,,,,,,,,,,,,,,,,,,,,,,,,,,,,,,,,,,,,,,,,,,,,,,,,,,,,,,,,,,,,,,,,,,,,,,,,,,,,,,,,,,,,,,,,,,,,,,,,,,,,,,,,,,,,,,,,,,,,,,,,,,,,,,,,,,,,,,,,,,,,,,,,,,,,,,,,,,,,,,,,,,,,,,,,,,,,,,,,,,,,,,,,,,,,,,,,,,1.515152e+00,1.515152e+00,,,,,,,,,,,,,,,,,,,,,,,,,,,,,,,,,,,,,,,,,,,,,,,,,,,,,,,,,,,,,,,,,,,,,,,,,,,,,,,,,,,,,,,,,,,,,,,,,,,,,,,,,,,,,,,,,,,,,,,,,,,,,,,,
,,,,,,,,,,,,,,,,,,,,,,,,,,,,,,,,,,,,,,,,,,,,,,,,,,,,,,,,,,,,,,,,,,,,,,,,,,,,,,,,,,,,,,,,,,,,,,,,,,,,,,,,,,,,,,,,,,,,,,,,,,,,,,,,,,,,,,,,,,,,,,,,,,,,,,,,,,,,,,,,,,,,,,,,,,,,,,,,,,,,,,,,,,,,,,,,,,,,,,,,,,,,,,,,,,,,,,,,,,,3.820817e+01,2.173913e+00,,,,,,2.173913e+00,2.173913e+00,2.173913e+00,2.173913e+00,2.173913e+00,2.173913e+00,2.173913e+00,2.173913e+00,2.173913e+00,2.173913e+00,,,,,,,,,,,,,,,,,,,,,,,,,,,,,,,,,,,,,,,,,,,,,,,,,,,,,,,,,,,,,,,,,,,,,,,,,,,,,,,,,,,,,,,,,,,,,,,,,,,,,,,,,,,,,,,,,,,,,,,,,,,,,,,,,,,,,,,,,,,,,,,,,,,,,,,,,,,,,,,,,,,,,,,,,,,,,,,,,,,,,,,,,,,,,,,,,,,,,,,,,,,,,,,,,,,,,,,,,,,,,,,,,,,,,,,,,,,,,,,,,,,,,,,,,,,,,,,,,,,,,,,,,,,,,,,,,,,,,,,,,,,,,,,,,,,,,,,,,,,,,,,,,,,,,,,,,,,,,,,,,,,,,,,,,,,,,,,,,,,,,,,,,,,,,,,,,,,,,,,,,,,,,,,,,,,,,,,,,,,,,,,,,,,,,,,,,,,1.515152e+00,1.515152e+00,1.515152e+00,1.515152e+00,,,,,,,,,,,,,,,,,,,,,,,,,,,,,,,1.515152e+00,1.515152e+00,,,,,,,,,,,,,,,,,,,,,,,,,,,,,,,,,,,,,,,,,,,,,,,,,,,,,,
,,,,,,,,,,,,,,,,,,,,,,,,,,,,,,,,,,,,,,,,,,,,,,,,,,,,,,,,,,,,,,,,,,,,,,,,,,,,,,,,,,,,,,,,,,,,,,,,,,,,,,,,,,,,,,,,,,,,,,,,,,,,,,,,,,,,,,,,,,,,,,,,,,,,,,,,,,,,,,,,,,,,,,,,,,,,,,,,,,,,,,,,,,,,,,,,,,,,,,,,,,,,,,,,,,,,,,,,,2.173913e+00,3.102767e+01,3.952569e+01,2.411067e+01,,,,,,,2.173913e+00,,2.173913e+00,2.173913e+00,2.173913e+00,2.173913e+00,2.173913e+00,2.173913e+00,2.173913e+00,,,,,,,,,,,,,,,,,,,,,,,,,,,,,,,,,,,,,,,,,,,,,,,,,,,,,,,,,,,,,,,,,,,,,,,,,,,,,,,,,,,,,,,,,,,,,,,,,,,,,,,,,,,,,,,,,,,,,,,,,,,,,,,,,,,,,,,,,,,,,,,,,,,,,,,,,,,,,,,,,,,,,,,,,,,,,,,,,,,,,,,,,,,,,,,,,,,,,,,,,,,,,,,,,,,,,,,,,,,,,,,,,,,,,,,,,,,,,,,,,,,,,,,,,,,,,,,,,,,,,,,,,,,,,,,,,,,,,,,,,,,,,,,,,,,,,,,,,,,,,,,,,,,,,,,,,,,,,,,,,,,,,,,,,,,,,,,,,,,,,,,,,,,,,,,,,,,,,,,,,,,,,,,,,,,,,,,,,,,,,,,,,,,1.515152e+00,,,,,,,,,,,,,,,,,,,,,,,,,,,,,,,,,,,,,,,,,,1.515152e+00,1.515152e+00,,,,,,,,,,,,,,,,,,,,,,,,,,,,,,,,,,,,,,,,,,,,,,,,,,,,,,
,,,,,,,,,,,,,,,,,,,,,,,,,,,,,,,,,,,,,,,,,,,,,,,,,,,,,,,,,,,,,,,,,,,,,,,,,,,,,,,,,,,,,,,,,,,,,,,,,,,,,,,,,,,,,,,,,,,,,,,,,,,,,,,,,,,,,,,,,,,,,,,,,,,,,,,,,,,,,,,,,,,,,,,,,,,,,,,,,,,,,,,,,,,,,,,,,,,,,,,,,,,,,,,,,,,,,,,,,4.347826e+00,2.279315e+01,3.300395e+01,1.172596e+01,,,,,,,,,2.173913e+00,2.173913e+00,2.173913e+00,2.173913e+00,2.173913e+00,2.173913e+00,2.173913e+00,,,,,,,,,,,,,,,,,,,,,,,,,,,,,,,,,,,,,,,,,,,,,,,,,,,,,,,,,,,,,,,,,,,,,,,,,,,,,,,,,,,,,,,,,,,,,,,,,,,,,,,,,,,,,,,,,,,,,,,,,,,,,,,,,,,,,,,,,,,,,,,,,,,,,,,,,,,,,,,,,,,,,,,,,,,,,,,,,,,,,,,,,,,,,,,,,,,,,,,,,,,,,,,,,,,,,,,,,,,,,,,,,,,,,,,,,,,,,,,,,,,,,,,,,,,,,,,,,,,,,,,,,,,,,,,,,,,,,,,,,,,,,,,,,,,,,,,,,,,,,,,,,,,,,,,,,,,,,,,,,,,,,,,,,,,,,,,,,,,,,,,,,,,,,,,,,,,,,,,,,,,,,,,,,,,,,,,,,,,,,,,,,,,,,,,,,,,,,1.515152e+00,,,,,,,,,,,,,,,,,,,,,,,,,,,,,,,,1.515152e+00,1.515152e+00,,,,,,,,,,,,,,,,,,,,,,,,,,,,,,,,,,,,,,,,,,,,,,,,,,,,,,
,,,,,,,,,,,,,,,,,,,,,,,,,,,,,,,,,,,,,,,,,,,,,,,,,,,,,,,,,,,,,,,,,,,,,,,,,,,,,,,,,,,,,,,,,,,,,,,,,,,,,,,,,,,,,,,,,,,,,,,,,,,,,,,,,,,,,,,,,,,,,,,,,,,,,,,,,,,,,,,,,,,,,,,,,,,,,,,,,,,,,,,,,,,,,,,,,,,,,,,,,,,,,,,,,,,,,,,,,3.689065e+00,2.173913e+00,3.083004e+01,,,,,,,,,,,2.173913e+00,,2.173913e+00,,,2.173913e+00,,,,,,,,,,,,,,,,,,,,,,,,,,,,,,,,,,,,,,,,,,,,,,,,,,,,,,,,,,,,,,,,,,,,,,,,,,,,,,,,,,,,,,,,,,,,,,,,,,,,,,,,,,,,,,,,,,,,,,,,,,,,,,,,,,,,,,,,,,,,,,,,,,,,,,,,,,,,,,,,,,,,,,,,,,,,,,,,,,,,,,,,,,,,,,,,,,,,,,,,,,,,,,,,,,,,,,,,,,,,,,,,,,,,,,,,,,,,,,,,,,,,,,,,,,,,,,,,,,,,,,,,,,,,,,,,,,,,,,,,,,,,,,,,,,,,,,,,,,,,,,,,,,,,,,,,,,,,,,,,,,,,,,,,,,,,,,,,,,,,,,,,,,,,,,,,,,,,2.173913e+00,,2.173913e+00,,,,,,,,,,,,,,,,,,,,,,,,,,,,,,,,,,,,,,,,,,,,,,,,,,,,,,,,,,,,,,,,,,,,,,1.515152e+00,1.515152e+00,,,,,,,,,,,,,,,,,,,,,,,,,,,,,,,,,,,,,,,,,,,,,,,,,,,,,,,
,,,,,,,,,,,,,,,,,,,,,,,,,,,,,,,,,,,,,,,,,,,,,,,,,,,,,,,,,,,,,,,,,,,,,,,,,,,,,,,,,,,,,,,,,,,,,,,,,,,,,,,,,,,,,,,,,,,,,,,,,,,,,,,,,,,,,,,,,,,,,,,,,,,,,,,,,,,,,,,,,,,,,,,,,,,,,,,,,,,,,,,,,,,,,,,,,,,,,,,,,,,,,,,,,,,,,,,,,2.173913e+00,2.173913e+00,2.931489e+01,1.304348e+01,,,,,,,,,,,,,,,,,,,,,,,,,,,,,,,,,,,,,,,,,,,,,,,,,,,,,,,,,,,,,,,,,,,,,,,,,,,,,,,,,,,,,,,,,,,,,,,,,,,,,,,,,,,,,,,,,,,,,,,,,,,,,,,,,,,,,,,,,,,,,,,,,,,,,,,,,,,,,,,,,,,,,,,,,,,,,,,,,,,,,,,,,,,,,,,,,,,,,,,,,,,,,,,,,,,,,,,,,,,,,,,,,,,,,,,,,,,,,,,,,,,,,,,,,,,,,,,,,,,,,,,,,,,,,,,,,,,,,,,,,,,,,,,,,,,,,,,,,,,,,,,,,,,,,,,,,,,,,,,,,,,,,,,,,,,,,,,,,,,,,,,,,,,,,,,,,,,,,,,,,,,,,,,,,,,2.173913e+00,,3.689065e+00,,,,,,,,,,,,,,,,,,,,,,,,,,,,,,,,,,,,,,,,,,,,,,,,,,,,,,,,,,,,,,,,,,,1.515152e+00,1.515152e+00,1.515152e+00,1.515152e+00,,,,,,,,,,,,,,,,,,,,,,,,,,,,,,,,,,,,,,,,,,,,,,,,,,,,,,,,
,,,,,,,,,,,,,,,,,,,,,,,,,,,,,,,,,,,,,,,,,,,,,,,,,,,,,,,,,,,,,,,,,,,,,,,,,,,,,,,,,,,,,,,,,,,,,,,,,,,,,,,,,,,,,,,,,,,,,,,,,,,,,,,,,,,,,,,,,,,,,,,,,,,,,,,,,,,,,,,,,,,,,,,,,,,,,,,,,,,,,,,,,,,,,,,,,,,,,,,,,,,,,,,,,,,,,,,,,3.689065e+00,2.173913e+00,1.021080e+01,1.824769e+01,,,,,,,,,,,,,,,,,,,,,,,,,,,,,,,,,,,,,,,,,,,,,,,,,,,,,,,,,,,,,,,,,,,,,,,,,,,,,,,,,,,,,,,,,,,,,,,,,,,,,,,,,,,,,,,,,,,,,,,,,,,,,,,,,,,,,,,,,,,,,,,,,,,,,,,,,,,,,,,,,,,,,,,,,,,,,,,,,,2.173913e+00,,,,,,,,,,,,,,,,,,,,,,,,,,,,,,,,,,,,,,,,,,,,,,,,,,,,,,,,,,,,,,,,,,,,,,,,,,,,,,,,,,,,,,,,,,,,,,,,,,,,,,,,,,,,,,,,,,,,,,,,,,,,,,,,,,,,,,,,,,,,,,,,,,,,,,,,,,,,,,,,,,,,,,,,,,,,,,,,,,,,,,,,,,,,,,,,,2.173913e+00,2.173913e+00,3.689065e+00,,,,,,,,,,,,,,,,,,,,,,,,,,,,,,,,,,,,,,,,,,,,,,,,,,,,,,,,,,,,,,,,,,,1.515152e+00,1.515152e+00,1.515152e+00,,,,,,,,,,,,,,,,,,,,,,,,,,,,,,,,,,,,,,,,,,,,,,,,,,,,,,,,,
,,,,,,,,,,,,,,,,,,,,,,,,,,,,,,,,,,,,,,,,,,,,,,,,,,,,,,,,,,,,,,,,,,,,,,,,,,,,,,,,,,,,,,,,,,,,,,,,,,,,,,,,,,,,,,,,,,,,,,,,,,,,,,,,,,,,,,,,,,,,,,,,,,,,,,,,,,,,,,,,,,,,,,,,,,,,,,,,,,,,,,,,,,,,,,,,,,,,,,,,,,,,,,,,,,,,,,,,,3.689065e+00,5.204216e+00,1.389987e+01,2.173913e+00,,,,,,,,,,,,,,,,,,,,,,,,,,,,,,,,,,,,,,,,,,,,,,,,,,,,,,,,,,,,,,,,,,,,,,,,,,,,,,,,,,,,,,,,,,,,,,,,,,,,,,,,,,,,,,,,,,,,,,,,,,,,,,,,,,,,,,,,,,,,,,,,,,,,,,,,,,,,,,,,,,,,,,,,,,,,,,,,,4.347826e+00,4.347826e+00,,,,,,,,,,,,,,,,,,,,,,,,,,,,,,,,,,,,,,,,,,,,,,,,,,,,,,,,,,,,,,,,,,,,,,,,,,,,,,,,,,,,,,,,,,,,,,,,,,,,,,,,,,,,,,,,,,,,,,,,,,,,,,,,,,,,,,,,,,,,,,,,,,,,,,,,,,,,,,,,,,,,,,,,,,,,,,,,,,,,,,,,,,,,,,,,5.204216e+00,5.204216e+00,5.204216e+00,5.204216e+00,3.689065e+00,,,,,,,,,2.173913e+00,2.173913e+00,2.173913e+00,2.173913e+00,,,,,,,,,,,,,,,,,,,,,,,,,,,,,,,,,,,,,,,,,,,,,,,,,,,,,1.515152e+00,1.515152e+00,1.515152e+00,4.545455e+00,,,,,,,,,,,,,,,,,,,,,,,,,,,,,,,,,,,,,,,,,,,,,,,,,,,,,,,,,
,,,,,,,,,,,,,,,,,,,,,,,,,,,,,,,,,,,,,,,,,,,,,,,,,,,,,,,,,,,,,,,,,,,,,,,,,,,,,,,,,,,,,,,,,,,,,,,,,,,,,,,,,,,,,,,,,,,,,,,,,,,,,,,,,,,,,,,,,,,,,,,,,,,,,,,,,,,,,,,,,,,,,,,,,,,,,,,,,,,,,,,,,,,,,,,,,,,,,,,,,,,,,,,,,,,,,,,,1.515152e+00,1.515152e+00,1.106719e+01,4.347826e+00,4.347826e+00,,,,,,,,,,,,,,,,,,,,,,,,,,,,,,,,,,,,,,,,,,,,,,,,,,,,,,,,,,,,,,,,,,,,,,,,,,,,,,,,,,,,,,,,,,,,,,,,,,,,,,,,,,,,,,,,,,,,,,,,,,,,,,,,,,,,,,,,,,,,,,,,,,,,,,,,,,,,,,,,,,,,,,,,,,,,,,,,,,2.173913e+00,,,,,,,,,,,,,,,,,,,,,,,,,,,,,,,,,,,,,,,,,,,,,,,,,,,,,,,,,,,,,,,,,,,,,,,,,,,,,,,,,,,,,,,,,,,,,,,,,,,,,,,,,,,,,,,,,,,,,,,,,,,,,,,,,,,,,,,,,,,,,,,,,,,,,,,,,,,,,,,,,,,,,,,,,,,,,,,,,,,,,,,,,,,,,,,,,,2.173913e+00,3.689065e+00,3.689065e+00,,,,,,,,,,,,,,,,,,,,,,,,,,,,,,,,,,,,,,,,,,,,,,,,,,,,,,,,,,,,,,,,,1.515152e+00,1.515152e+00,1.515152e+00,,,,,,,,,,,,,,,,,,,,,,,,,,,,,,,,,,,,,,,,,,,,,,,,,,,,,,,,,,
,,,,,,,,,,,,,,,,,,,,,,,,,,,,,,,,,,,,,,,,,,,,,,,,,,,,,,,,,,,,,,,,,,,,,,,,,,,,,,,,,,,,,,,,,,,,,,,,,,,,,,,,,,,,,,,,,,,,,,,,,,,,,,,,,,,,,,,,,,,,,,,,,,,,,,,,,,,,,,,,,,,,,,,,,,,,,,,,,,,,,,,,,,,,,,,,,,,,,,,,,,,,,,,,,,,,,,,,3.689065e+00,1.515152e+00,,,3.689065e+00,,2.173913e+00,,,2.173913e+00,2.173913e+00,,,,,,,,,,,,,,,,,,,,,,,,,,,,,,,,,,,,,,,,,,,,,,,,,,,,,,,,,,,,,,,,,,,,,,,,,,,,,,,,,,,,,,,,,,,,,,,,,,,,,,,,,,,,,,,,,,,,,,,,,,,,,,,,,,,,,,,,,,,,,,,,,,,,,,,,,,,,,,,,,,,,,,,,,,,,,,,,,,,,,,,,,,,,,,,,,,,,,,,,,,,,,,,,,,,,,,,,,,,,,,,,,,,,,,,,,,,,,,,,,,,,,,,,,,,,,,,,,,,,,,,,,,,,,,,,,,,,,,,,,,,,,,,,,,,,,,,,,,,,,,,,,,,,,,,,,,,,,,,,,,,,,,,,,,,,,,,,,,,,,,,,,,,,,,,,,,,,,,,,,,,,,,,,2.173913e+00,3.689065e+00,,,,,,,,,,,,,,,,,,,,,,,,,,,,,,,,,,,,,,,,,,,,,,,,,,,,,,,,,,,,,,,,,1.515152e+00,1.515152e+00,,,,,,,,,,,,,,,,,,,,,,,,,,,,,,,,,,,,,,,,,,,,,,,,,,,,,,,,,,
,,,,,,,,,,,,,,,,,,,,,,,,,,,,,,,,,,,,,,,,,,,,,,,,,,,,,,,,,,,,,,,,,,,,,,,,,,,,,,,,,,,,,,,,,,,,,,,,,,,,,,,,,,,,,,,,,,,,,,,,,,,,,,,,,,,,,,,,,,,,,,,,,,,,,,,,,,,,,,,,,,,,,,,,,,,,,,,,,,,,,,,,,,,,,,,,,,,,,,,,,,,,,,,,,,,,,,,1.515152e+00,,3.030303e+00,,4.347826e+00,5.862978e+00,,,,,,2.173913e+00,,,,,,,,,,,,,,,,,,,,,,,,,,,,,,,,,,,,,,,,,,,,,,,,,,,,,,,,,,,,,,,,,,,,,,,,,,,,,,,,,,,,,,,,,,,,,,,,,,,,,,,,,,,,,,,,,,,,,,,,,,,,,,,,,,,,,,,,,,,,,,,,,,,,,,,,,,,,,,,,,,,,,,,,,,,,,,,,,,,,,,,,,,,,,,,,,,,,,,,,,,,,,,,,,,,,,,,,,,,,,,,,,,,,,,,,,,,,,,,,,,,,,,,,,,,,,,,,,,,,,,,,,,,,,,,,,,,,,,,,,,,,,,,,,,,,,,,,,,,,,,,,,,,,,,,,,,,,,,,,,,,,,,,,,,,,,,,,,,,,,,,,,,,,,,,,,,,,,,,,,,,,,,,,,,,,,,,,,,,,,,,,,,,,,,,,,,,,,,,,,,,,,,,,,,,,,,,,,,,,,,,,,,,,,,,,,,1.515152e+00,,,,,,,,,,,,,,,,,,,,,,,,,,,,,,,,,,,,,,,,,,,,,,,,,,,,,,,,,,,
,,,,,,,,,,,,,,,,,,,,,,,,,,,,,,,,,,,,,,,,,,,,,,,,,,,,,,,,,,,,,,,,,,,,,,,,,,,,,,,,,,,,,,,,,,,,,,,,,,,,,,,,,,,,,,,,,,,,,,,,,,,,,,,,,,,,,,,,,,,,,,,,,,,,,,,,,,,,,,,,,,,,,,,,,,,,,,,,,,,,,,,,,,,,,,,,,,,,,,,,,,,,,,,,,,,,,,,1.515152e+00,,,,,5.862978e+00,,,,,,,,,,,,,,,,,,,,,,,,,,,,,,,,,,,,,,,,,,,,,,,,,,,,,,,,,,,,,,,,,,,,,,,,,,,,,,,,,,,,,,,,,,,,,,,,,,,,,,,,,,,,,,,,,,,,,,,,,,,,,,,,,,,,,,,,,,,,,,,,,,,,,,,,,,,,,,,,,,,,,,,,,,,,,,,,,,,,,,,,,,,,,,,,,,,,,,,,,,,,,,,,,,,,,,,,,,,,,,,,,,,,,,,,,,,,,,,,,,,,,,,,,,,,,,,,,,,,,,,,,,,,,,,,,,,,,,,,,,,,,,,,,,,,,,,,,,,,,,,,,,,,,,,,,,,,,,,,,,,,,,,,,,,,,,,,,,,,,,,,,,,,,,,,,,,,,,,,,,,,,,,,,,,,,,,,,,,,,,,,,,,,,,,,,,,,,,,,,,,,,,,,,,,,,,2.173913e+00,,,,,,,,,,,,,,,,,,,,,,1.515152e+00,1.515152e+00,,1.515152e+00,,,,,,,,,,,,,,,,,,,,,,,,,,,,,,,,,,,,,,,,,,,,,,,,,,,,,,,,,,,,
,,,,,,,,,,,,,,,,,,,,,,,,,,,,,,,,,,,,,,,,,,,,,,,,,,,,,,,,,,,,,,,,,,,,,,,,,,,,,,,,,,,,,,,,,,,,,,,,,,,,,,,,,,,,,,,,,,,,,,,,,,,,,,,,,,,,,,,,,,,,,,,,,,,,,,,,,,,,,,,,,,,,,,,,,,,,,,,,,,,,,,,,,,,,,,,,,,,,,,,,,,,,,,,,,,,,,,,,,,4.347826e+00,4.347826e+00,9.552042e+00,,,,,,,,,,,,,,,,,,,,,,,1.515152e+00,1.515152e+00,1.515152e+00,,,,,,,,,,,,,,,,,,,,,,,,,,,,,,,,,,,,,,,,,,,,,,,,,,,,,,,,,,,,,,,,,,,,,,,,,,,,,,,,,,,,,,,,,,,,,,,,,,,,,,,,,,,,,,,,,,,,,,,,,,,,,,,,,,,,,,,,,,,,,,,,,,,,,,,,,,,,,,,,,,,,,,,,,,,,,,,,,,,,,,,,,,,,,,,,,,,,,,,,,,,,,,,,,,,,,,,,,,,,,,,,,,,,,,,,,,,,,,,,,,,,,,,,,,,,,,,,,,,,,,,,,,,,,,,,,,,,,,,,,,,,,,,,,,,,,,,,,,,,,,,,,,,,,,,,,,,,,,,,,,,,,,,,,,,,,,,,,,,,,,,,,,,,,,,,,,,,,,,,,,,,,,,,,,,,,,,,,,,,,,,,,,,,,,,,,,,,,,,,,,,,,,,,,,,1.515152e+00,1.515152e+00,1.515152e+00,1.515152e+00,,,,,,,,,,,,,,,,,,,,,,,,,,,,,,,,,,,,,,,,,,,,,,,,,,,,,,,,,,,,
,,,,,,,,,,,,,,,,,,,,,,,,,,,,,,,,,,,,,,,,,,,,,,,,,,,,,,,,,,,,,,,,,,,,,,,,,,,,,,,,,,,,,,,,,,,,,,,,,,,,,,,,,,,,,,,,,,,,,,,,,,,,,,,,,,,,,,,,,,,,,,,,,,,,,,,,,,,,,,,,,,,,,,,,,,,,,,,,,,,,,,,,,,,,,,,,,,,,,,,,,,,,,,,,,,,,,,,,,,,,8.036890e+00,,,,,,,,,,,,,,,,,,,,,,,1.515152e+00,1.515152e+00,1.515152e+00,1.515152e+00,,,,,,,,,,,,,,,,,,,,,,,,,,,,,,,,,,,,,,,,,,,,,,,,,,,,,,,,,,,,,,,,,,,,,,,,,,,,,,,,,,,,,,,,,,,,,,,,,,,,,,,,,,,,,,,,,,,,,,,,,,,,,,,,,,,,,,,,,,,,,,,,,,,,,,,,,,,,,,,,,,,,,,,,,,,,,,,,,,,,,,,,,,,,,,,,,,,,,,,,,,,,,,,,,,,,,,,,,,,,,,,,,,,,,,,,,,,,,,,,,,,,,,,,,,,,,,,,,,,,,,,,,,,,,,,,,,,,,,,,,,,,,,,,,,,,,,,,,,,,,,,,,,,,,,,,,,,,,,,,,,,,,,,,,,,,,,,,,,,,,,,,,,,,,,,,,,,,,,,,,,,,,,,,,,,,,,,,,,,,,,,,,,,,,,,,,,,,,,,,,,,1.515152e+00,1.515152e+00,1.515152e+00,,,,,1.515152e+00,1.515152e+00,1.515152e+00,1.515152e+00,,,,,,,,,,,,,,,,,,,,,,,,,,,,,,,,,,,,,,,,,,,,,,,,,,,,,,,,,,,,
,,,,,,,,,,,,,,,,,,,,,,,,,,,,,,,,,,,,,,,,,,,,,,,,,,,,,,,,,,,,,,,,,,,,,,,,,,,,,,,,,,,,,,,,,,,,,,,,,,,,,,,,,,,,,,,,,,,,,,,,,,,,,,,,,,,,,,,,,,,,,,,,,,,,,,,,,,,,,,,,,,,,,,,,,,,,,,,,,,,,,,,,,,,,,,,,,,,,,,,,,,,,,,,,,,,,,,,,,,6.521739e+00,8.036890e+00,5.862978e+00,,,,,,,,,,,,,,,,,,,,,,,1.515152e+00,1.515152e+00,1.515152e+00,,,,,,,,,,,,,,,,,,,,,,,,,,,,,,,,,,,,,,,,,,,,,,,,,,,,,,,,,,,,,,,,,,,,,,,,,,,,,,,,,,,,,,,,,,,,,,,,,,,,,,,,,,,,,,,,,,,,,,,,,,,,,,,,,,,,,,,,,,,,,,,,,,,,,,,,,,,,,,,,,,,,,,,,,,,,,,,,,,,,,,,,,,,,,,,,,,,,,,,,,,,,,,,,,,,,,,,,,,,,,,,,,,,,,,,,,,,,,,,,,,,,,,,,,,,,,,,,,,,,,,,,,,,,,,,,,,,,,,,,,,,,,,,,,,,,,,,,,,,,,,,,,,,,,,,,,,,,,,,,,,,,,,,,,,,,,,,,,,,,,,,,,,,,,,,,,,,,,,,,,,,,,,,,,,,,,,,,,,,,,,,,,,,,,,,,,,,,,1.515152e+00,1.515152e+00,1.515152e+00,,,,1.515152e+00,1.515152e+00,1.515152e+00,,,2.173913e+00,1.515152e+00,1.515152e+00,1.515152e+00,3.689065e+00,1.515152e+00,1.515152e+00,,,,,,,,,,,,,,,,,,,,,,,,,,,,,,,,,,,,,,,,,,,,,,,,,,,,,,,,,,,,
,,,,,,,,,,,,,,,,,,,,,,,,,,,,,,,,,,,,,,,,,,,,,,,,,,,,,,,,,,,,,,,,,,,,,,,,,,,,,,,,,,,,,,,,,,,,,,,,,,,,,,,,,,,,,,,,,,,,,,,,,,,,,,,,,,,,,,,,,,,,,,,,,,,,,,,,,,,,,,,,,,,,,,,,,,,,,,,,,,,,,,,,,,,,,,,,,,,,,,,,,,,,,,,,,,,,,,,,,,6.521739e+00,8.036890e+00,4.347826e+00,,,,,,,,,,,,,,,,,,,,,,,1.515152e+00,1.515152e+00,,,,,,,,,,,,,,,,,,,,,,,,,,,,,,,,,,,,,,,,,,,,,,,,,,,,,,,,,,,,,,,,,,,,,,,,,,,,,,,,,,,,,,,,,,,,,,,,,,,,,,,,,,,,,,,,,,,,,,,,,,,,,,,,,,,,,,,,,,,,,,,,,,,,,,,,,,,,,,,,,,,,,,,,,,,,,,,,,,,,,,,,,,,,,,,,,,,,,,,,,,,,,,,,,,,,,,,,,,,,,,,,,,,,,,,,,,,,,,,,,,,,,,,,,,,,,,,,,,,,,,,,,,,,,,,,,,,,,,,,,,,,,,,,,,,,,,,,,,,,,,,,,,,,,,,,,,,,,,,,,,,,,,,,,,,,,,,,,,,,,,,,,,,,,,,,,,,,,,,,,,,,,,,,,,,,,,,,,,,,,,,,,,,,,,,,,,,,,,,1.515152e+00,1.515152e+00,,,,,,1.515152e+00,,2.173913e+00,1.515152e+00,1.515152e+00,,1.515152e+00,1.515152e+00,1.515152e+00,,,,,,,,,,,,,,,,,,,,,,,,,,,,,,,,,,,,,,,,,,,,,,,,,,,,,,,,,,,,,
,,,,,,,,,,,,,,,,,,,,,,,,,,,,,,,,,,,,,,,,,,,,,,,,,,,,,,,,,,,,,,,,,,,,,,,,,,,,,,,,,,,,,,,,,,,,,,,,,,,,,,,,,,,,,,,,,,,,,,,,,,,,,,,,,,,,,,,,,,,,,,,,,,,,,,,,,,,,,,,,,,,,,,,,,,,,,,,,,,,,,,,,,,,,,,,,,,,,,,,,,,,,,,,,,,,,,,,,,,4.347826e+00,8.036890e+00,5.862978e+00,,,,,,,,,,,,,,,,,,,,,,,,,,,,,,,,,,,,,,,,,,,,,,,,,,,,,,,,,,,,,,,,,,,,,,,,,,,,,,,,,,,,,,,,,,,,,,,,,,,,,,,,,,,,,,,,,,,,,,,,,,,,,,,,,,,,,,,,,,,,,,,,,,,,,,,,,,,,,,,,,,,,,,,,,,,,,,,,,,,,,,,,,,,,,,,,,,,,,,,,,,,,,,,,,,,,,,,,,,,,,,,,,,,,,,,,,,,,,,,,,,,,,,,,,,,,,,,,,,,,,,,,,,,,,,,,,,,,,,,,,,,,,,,,,,,,,,,,,,,,,,,,,,,,,,,,,,,,,,,,,,,,,,,,,,,,,,,,,,,,,,,,,,,,,,,,,,,,,,,,,,,,,,,,,,,,,,,,,,,,,,,,,,,,,,,,,,,,,,,,,,,,,,,,,,,,,,,,,,,,,,,,,,,1.515152e+00,,,2.173913e+00,2.173913e+00,,3.689065e+00,2.173913e+00,,,,,,,,,,,,,,,,,,,,,,,,,,,,,,,,,,,,,,,,,,,,,,,,,,,,,,,,2.173913e+00,,,,,,,,,
,,,,,,,,,,,,,,,,,,,,,,,,,,,,,,,,,,,,,,,,,,,,,,,,,,,,,,,,,,,,,,,,,,,,,,,,,,,,,,,,,,,,,,,,,,,,,,,,,,,,,,,,,,,,,,,,,,,,,,,,,,,,,,,,,,,,,,,,,,,,,,,,,,,,,,,,,,,,,,,,,,,,,,,,,,,,,,,,,,,,,,,,,,,,,,,,,,,,,,,,,,,,,,,,,,,,,,2.173913e+00,,2.173913e+00,2.173913e+00,6.521739e+00,1.021080e+01,8.036890e+00,,,,,,,,,,,,,,,,,,,,,,,,,,,,,,,,,,,,,,,,,,,,,,,,,,,,,,,,,,,,,,,,,,,,,,,,,,,,,,,,,,,,,,,,,,,,,,,,,,,,,,,,,,,,,,,,,,,,,,,,,,,,,,,,,,,,,,,,,,,,,,,,,,,,,,,,,,,,,,,,,,,,,,,,,,,,,,,,,,,,,,,,,,,,,,,,,,,,,,,,,,,,,,,,,,,,,,,,,,,,,,,,,,,,,,,,,,,,,,,,,,,,,,,,,,,,,,,,,,,,,,,,,,,,,,,,,,,,,,,,,,,,,,,,,,,,,,,,,,,,,,,,,,,,,,,,,,,,,,,,,,,,,,,,,,,,,,,,,,,,,,,,,,,,,,,,,,,,,,,,,,,,,,,,,,,,,,,,,,,,,,,,,,,,,,,,,,,,,,,,,,,,,,,,,,,,,,,,,,,,,,,,,,,,,,,,,,,,,,,,,,,,,,,,,,,,,,,,,,,,,,,,,,,,,,,,,,,,,,,,,,,,,,,,,,2.173913e+00,,,,,,,,,
,,,,,,,,,,,,,,,,,,,,,,,,,,,,,,,,,,,,,,,,,,,,,,,,,,,,,,,,,,,,,,,,,,,,,,,,,,,,,,,,,,,,,,,,,,,,,,,,,,,,,,,,,,,,,,,,,,,,,,,,,,,,,,,,,,,,,,,,,,,,,,,,,,,,,,,,,,,,,,,,,,,,,,,,,,,,,,,,,,,,,,,,,,,,,,,,,,,,,,,,,,,,,,,,,,,,,,,2.173913e+00,2.173913e+00,2.173913e+00,4.347826e+00,8.695652e+00,1.021080e+01,5.862978e+00,,,,,,,,,,,,,,,,,,,,,,,,,,,,,,,,,,,,,,,,,,,,,,,,,,,,,,,,,,,,,,,,,,,,,,,,,,,,,,,,,,,,,,,,,,,,,,,,,,,,,,,,,,,,,,,,,,,,,,,,,,,,,,,,,,,,,,,,,,,,,,,,,,,,,,,,,,,,,,,,,,,,,,,,,,,,,,,,,,,,,,,,,,,,,,,,,,,,,,,,,,,,,,,,,,,,,,,,,,,,,,,,,,,,,,,,,,,,,,,,,,,,,,,,,,,,,,,,,,,,,,,,,,,,,,,,,,,,,,,,,,,,,,,,,,,,,,,,,,,,,,,,,,,,,,,,,,,,,,,,,,,,,,,,,,,,,,,,,,,,,,,,,,,,,,,,,,,,,,,,,,,,,,,,,,,,,,,,,,,,,,,,,,,,,,,,,,,,,,,,,,,,,,,,,,,,,,,,,,,,,,,,,,,,,,,,,,,,,,,,,,,,,,,,,,,,,,,,,,,,,,,,,,,,,,,,,,,,,,,,,,,,,,,2.173913e+00,,2.173913e+00,,,2.173913e+00,,,,,,
,,,,,,,,,,,,,,,,,,,,,,,,,,,,,,,,,,,,,,,,,,,,,,,,,,,,,,,,,,,,,,,,,,,,,,,,,,,,,,,,,,,,,,,,,,,,,,,,,,,,,,,,,,,,,,,,,,,,,,,,,,,,,,,,,,,,,,,,,,,,,,,,,,,,,,,,,,,,,,,,,,,,,,,,,,,,,,,,,,,,,,,,,,,,,,,,,,,,,,,,,,,,,,,,,,,,,,2.173913e+00,,2.173913e+00,,4.347826e+00,8.695652e+00,1.172596e+01,4.347826e+00,,,,,,,,,,,,,,,,,,,,,,,,,,,,,,,,,,,,,,,,,,,,,,,,,,,,,,,,,,,,,,,,,,,,,,,,,,,,,,,,,,,,,,,,,,,,,,,,,,,,,,,,,,,,,,,,,,,,,,,,,,,,,,,,,,,,,,,,,,,,,,,,,,,,,,,,,,,,,,,,,,,,,,,,,,,,,,,,,,,,,,,,,,,,,,,,,,,,,,,,,,,,,,,,,,,,,,,,,,,,,,,,,,,,,,,,,,,,,,,,,,,,,,,,,,,,,,,,,,,,,,,,,,,,,,,,,,,,,,,,,,,,,,,,,,,,,,,,,,,,,,,,,,,,,,,,,,,,,,,,,,,,,,,,,,,,,,,,,,,,,,,,,,,,,,,,,,,,,,,,,,,,,,,,,,,,,,,,,,,,,,,,,,,,,,,,,,,,,,,,,,,,,,,,,,,,,,,,,,,,,,,,,,,,,,,,,,,,,,,,,,,,,,,,,,,,,,,,,,,,,,,,,,,,,,,,,,,,,,,,,,,,,,,,2.173913e+00,2.173913e+00,2.173913e+00,2.173913e+00,3.689065e+00,,,,,,
,,,,,,,,,,,,,,,,,,,,,,,,,,,,,,,,,,,,,,,,,,,,,,,,,,,,,,,,,,,,,,,,,,,,,,,,,,,,,,,,,,,,,,,,,,,,,,,,,,,,,,,,,,,,,,,,,,,,,,,,,,,,,,,,,,,,,,,,,,,,,,,,,,,,,,,,,,,,,,,,,,,,,,,,,,,,,,,,,,,,,,,,,,,,,,,,,,,,,,,,,,,,,,,,,,,,,,2.173913e+00,2.173913e+00,,2.173913e+00,2.173913e+00,,1.172596e+01,,,,,,,,,,,,,,,,,,,,,,,,,,,,,,,,,,,,,,,,,,,,,,,,,,,,,,,,,,,,,,,,,,,,,,,,,,,,,,,,,,,,,,,,,,,,,,,,,,,,,,,,,,,,,,,,,,,,,,,,,,,,,,,,,,,,,,,,,,,,,,,,,,,,,,,,,,,,,,,,,,,,,,,,,,,,,,,,,,,,,,,,,,,,,,,,,,,,,,,,,,,,,,,,,,,,,,,,,,,,,,,,,,,,,,,,,,,,,,,,,,,,,,,,,,,,,,,,,,,,,,,,,,,,,,,,,,,,,,,,,,,,,,,,,,,,,,,,,,,,,,,,,,,,,,,,,,,,,,,,,,,,,,,,,,,,,,,,,,,,,,,,,,,,,,,,,,,,,,,,,,,,,,,,,,,,,,,,,,,,,,,,,,,,,,,,,,,,,,,,,,,,,,,,,,,,,,,,,,,,,,,,,,,,,,,,,,,,,,,,,,,,,,,,,,,,,,,,,,,,,,,,,,,,,,,,,,,,,,,,,,,,,,,,,,5.204216e+00,1.515152e+00,1.515152e+00,,,,,,,
,,,,,,,,,,,,,,,,,,,,,,,,,,,,,,,,,,,,,,,,,,,,,,,,,,,,,,,,,,,,,,,,,,,,,,,,,,,,,,,,,,,,,,,,,,,,,,,,,,,,,,,,,,,,,,,,,,,,,,,,,,,,,,,,,,,,,,,,,,,,,,,,,,,,,,,,,,,,,,,,,,,,,,,,,,,,,,,,,,,,,,,,,,,,,,,,,,,,,,,,,,,,,,,,,,,,,2.173913e+00,2.173913e+00,,,2.173913e+00,,,1.172596e+01,6.521739e+00,,,,,,,,,,,,,,,,,,,,,,,,,,,,,,,,,,,,,,,,,,,,,,,,,,,,,,,,,,,,,,,,,,,,,,,,,,,,,,,,,,,,,,,,,,,,,,,,,,,,,,,,,,,,,,,,,,,,,,,,,,,,,,,,,,,,,,,,,,,,,,,,,,,,,,,,,,,,,,,,,,,,,,,,,,,,,,,,,,,,,,,,,,,,,,,,,,,,,,,,,,,,,,,,,,,,,,,,,,,,,,,,,,,,,,,,,,,,,,,,,,,,,,,,,,,,,,,,,,,,,,,,,,,,,,,,,,,,,,,,,,,,,,,,,,,,,,,,,,,,,,,,,,,,,,,,,,,,,,,,,,,,,,,,,,,,,,,,,,,,,,,,,,,,,,,,,,,,,,,,,,,,,,,,,,,,,,,,,,,,,,,,,,,,,,,,,,,,,,,,,,,,,,,,,,,,,,,,,,,,,,,,,,,,,,,,,,,,,,,,,,,,,,,,,,,,,,,,,,,,,,,,,,,,,,,,,,,,,,,,,,,,,,,,,,1.515152e+00,1.515152e+00,,,,,,,
,,,,,,,,,,,,,,,,,,,,,,,,,,,,,,,,,,,,,,,,,,,,,,,,,,,,,,,,,,,,,,,,,,,,,,,,,,,,,,,,,,,,,,,,,,,,,,,,,,,,,,,,,,,,,,,,,,,,,,,,,,,,,,,,,,,,,,,,,,,,,,,,,,,,,,,,,,,,,,,,,,,,,,,,,,,,,,,,,,,,,,,,,,,,,,,,,,,,,,,,,,,,,,,,,,,,,,,,,2.173913e+00,2.173913e+00,,1.172596e+01,6.521739e+00,,,,,,,,,,,,,,,,,,,,,,,,,,,,,,,,,,,,,,,,,,,,,,,,,,,,,,,,,,,,,,,,,,,,,,,,,,,,,,,,,,,,,,,,,,,,,,,,,,,,,,,,,,,,,,,,,,,,,,,,,,,,,,,,,,,,,,,,,,,,,,,,,,,,,,,,,,,,,,,,,,,,,,,,,,,,,,,,,,,,,,,,,,,,,,,,,,,,,,,,,,,,,,,,,,,,,,,,,,,,,,,,,,,,,,,,,,,,,,,,,,,,,,,,,,,,,,,,,,,,,,,,,,,,,,,,,,,,,,,,,,,,,,,,,,,,,,,,,,,,,,,,,,,,,,,,,,,,,,,,,,,,,,,,,,,,,,,,,,,,,,,,,,,,,,,,,,,,,,,,,,,,,,,,,,,,,,,,,,,,,,,,,,,,,,,,,,,,,,,,,,,,,,,,,,,,,,,,,,,,,,,,,,,,,,,,,,,,,,,,,,,,,,,,,,,,,,,,,,,,,,,,,,,,,,,,,,,,,,,,,,,,,,2.173913e+00,,1.515152e+00,1.515152e+00,,,,,,,,,
,,,,,,,,,,,,,,,,,,,,,,,,,,,,,,,,,,,,,,,,,,,,,,,,,,,,,,,,,,,,,,,,,,,,,,,,,,,,,,,,,,,,,,,,,,,,,,,,,,,,,,,,,,,,,,,,,,,,,,,,,,,,,,,,,,,,,,,,,,,,,,,,,,,,,,,,,,,,,,,,,,,,,,,,,,,,,,,,,,,,,,,,,,,,,,,,,,,,,,,,,,,,,,,,,,,,,,,,2.173913e+00,2.173913e+00,2.173913e+00,2.173913e+00,1.172596e+01,9.552042e+00,,,,2.173913e+00,,,,,,,,,,,,,,,,,,,,,,,,,,,,,,,,,,,,,,,,,,,,,,,,,,,,,,,,,,,,,,,,,,,,,,,,,,,,,,,,,,,,,,,,,,,,,,,,,,,,,,,,,,,,,,,,,,,,,,,,,,,,,,,,,,,,,,,,,,,,,,,,,,,,,,,,,,,,,,,,,,,,,,,,,,,,,,,,,,,,,,,,,,,,,,,,,,,,,,,,,,,,,,,,,,,,,,,,,,,,,,,,,,,,,,,,,,,,,,,,,,,,,,,,,,,,,,,,,,,,,,,,,,,,,,,,,,,,,,,,,,,,,,,,,,,,,,,,,,,,,,,,,,,,,,,,,,,,,,,,,,,,,,,,,,,,,,,,,,,,,,,,,,,,,,,,,,,,,,,,,,,,,,,,,,,,,,,,,,,,,,,,,,,,,,,,,,,,,,,,,,,,,,,,,,,,,,,,,,,,,,,,,,,,,2.173913e+00,2.173913e+00,2.173913e+00,,,,,,,,,,,,,,,,,,,,,,,,,,,,,,,,,,,,,,,,,,,,,,,,,,,,,,,,,,,,,,,
,,,,,,,,,,,,,,,,,,,,,,,,,,,,,,,,,,,,,,,,,,,,,,,,,,,,,,,,,,,,,,,,,,,,,,,,,,,,,,,,,,,,,,,,,,,,,,,,,,,,,,,,,,,,,,,,,,,,,,,,,,,,,,,,,,,,,,,,,,,,,,,,,,,,,,,,,,,,,,,,,,,,,,,,,,,,,,,,,,,,,,,,,,,,,,,,,,,,,,,,,,,,,,,,,,,,,,2.173913e+00,2.173913e+00,2.173913e+00,2.173913e+00,2.173913e+00,4.347826e+00,8.036890e+00,4.347826e+00,6.521739e+00,4.347826e+00,2.173913e+00,,,,,,,,,,,,,,,,,,,,,,,,,,,,,,,,,,,,,,,,,,,,,,,,,,,,,,,,,,,,,,,,,,,,,,,,,,,,,,,,,,,,,,,,,,,,,,,,,,,,,,,,,,,,,,,,,,,,,,,,,,,,,,,,,,,,,,,,,,,,,,,,,,,,,,,,,,,,,,,,,,,,,,,,,,,,,,,,,,,,,,,,,,,,,,,,,,,,,,,,,,,,,,,,,,,,,,,,,,,,,,,,,,,,,,,,,,,,,,,,,,,,,,,,,,,,,,,,,,,,,,,,,,,,,,,,,,,,,,,,,,,,,,,,,,,,,,,,,,,,,,,,,,,,,,,,,,,,,,,,,,,,,,,,,,,,,,,,,,,,,,,,,,,,,,,,,,,,,,,,,,,,,,,,,,,,,,,,,,,,,,,,,,,,,,,,,,,,,,,,,,,,,,,,,,,,,,,,,,,,,,,,,,,,,6.521739e+00,4.347826e+00,2.173913e+00,,,,,,,,,,,,,,,,,,,,,,,,,,,,,,,,,,,,,,,,,,,,,,,,,,,,2.173913e+00,,,,,,,,,,,,
,,,,,,,,,,,,,,,,,,,,,,,,,,,,,,,,,,,,,,,,,,,,,,,,,,,,,,,,,,,,,,,,,,,,,,,,,,,,,,,,,,,,,,,,,,,,,,,,,,,,,,,,,,,,,,,,,,,,,,,,,,,,,,,,,,,,,,,,,,,,,,,,,,,,,,,,,,,,,,,,,,,,,,,,,,,,,,,,,,,,,,,,,,,,,,,,,,,,,,,,,,,,,,,,,,,,,,,,2.173913e+00,2.173913e+00,,8.036890e+00,8.036890e+00,1.389987e+01,4.347826e+00,4.347826e+00,4.347826e+00,,,,,,,,,,,,,,,,,,,,,,,,,,,,,,,,,,,,,,,,,,,,,,,,,,,,,,,,,,,,,,,,,,,,,,,,,,,,,,,,,,,,,,,,,,,,,,,,,,,,,,,,,,,,,,,,,,,,,,,,,,,,,,,,,,,,,,,,,,,,,,,,,,,,,,,,,,,,,,,,,,,,,,,,,,,,,,,,,,,,,,,,,,,,,,,,,,,,,,,,,,,,,,,,,,,,,,,,,,,,,,,,,,,,,,,,,,,,,,,,,,,,,,,,,,,,,,,,,,,,,,,,,,,,,,,,,,,,,,,,,,,,,,,,,,,,,,,,,,,,,,,,,,,,,,,,,,,,,,,,,,,,,,,,,,,,,,,,,,,,,,,,,,,,,,,,,,,,,,,,,,,,,,,,,,,,,,,,,,,,,,,,,,,,,,,,,,,,,,,,,,,,,,,,,,,,,,,,,,,,,,,,,,,,,6.521739e+00,2.173913e+00,2.173913e+00,,,,,,,,,,,,,,,,,,,,,,,,,,,,,,,,,,,,,,,,,,,,,,,,,,2.173913e+00,2.173913e+00,,,,,,,,,,,,,
,,,,,,,,,,,,,,,,,,,,,,,,,,,,,,,,,,,,,,,,,,,,,,,,,,,,,,,,,,,,,,,,,,,,,,,,,,,,,,,,,,,,,,,,,,,,,,,,,,,,,,,,,,,,,,,,,,,,,,,,,,,,,,,,,,,,,,,,,,,,,,,,,,,,,,,,,,,,,,,,,,,,,,,,,,,,,,,,,,,,,,,,,,,,,,,,,,,,,,,,,,,,,,,,,,,,,,,,,2.173913e+00,2.173913e+00,8.036890e+00,9.552042e+00,9.552042e+00,5.862978e+00,2.173913e+00,,,,,,,,,,,,,,,,,,,,,,,,,,,,,,,,,,,,,,,,,,,,,,,,,,,,,,,,,,,,,,,,,,,,,,,,,,,,,,,,,,,,,,,,,,,,,,,,,,,,,,,,,,,,,,,,,,,,,,,,,,,,,,,,,,,,,,,,,,,,,,,,,,,,,,,,,,,,,,,,,,,,,,,,,,,,,,,,,,,,,,,,,,,,,,,,,,,,,,,,,,,,,,,,,,,,,,,,,,,,,,,,,,,,,,,,,,,,,,,,,,,,,,,,,,,,,,,,,,,,,,,,,,,,,,,,,,,,,,,,,,,,,,,,,,,,,,,,,,,,,,,,,,,,,,,,,,,,,,,,,,,,,,,,,,,,,,,,,,,,,,,,,,,,,,,,,,,,,,,,,,,,,,,,,,,,,,,,,,,,,,,,,,,,,,,,,,,,,,,,,,,,,,,,,,,,,,,,,,,,,,,,,,,,,,1.515152e+00,,,,,,,,,,,,,,,,,,,,,,,,,,,,,,,,,,,,,,,,,,,,,,,,,,,2.173913e+00,,,,,,,,,,,,,,,
,,,,,,,,,,,,,,,,,,,,,,,,,,,,,,,,,,,,,,,,,,,,,,,,,,,,,,,,,,,,,,,,,,,,,,,,,,,,,,,,,,,,,,,,,,,,,,,,,,,,,,,,,,,,,,,,,,,,,,,,,,,,,,,,,,,,,,,,,,,,,,,,,,,,,,,,,,,,,,,,,,,,,,,,,,,,,,,,,,,,,,,,,,,,,,,,,,,,,,,,,,,,,,,,,,,,,,,,,,2.173913e+00,4.347826e+00,5.862978e+00,8.695652e+00,2.173913e+00,2.173913e+00,2.173913e+00,2.173913e+00,2.173913e+00,2.173913e+00,2.173913e+00,,,,,,,,,,,,,,,,,,,,,,,,,,,,,,,,,,,,,,,,,,,,,,,,,,,,,,,,,,,,,,,,,,,,,,,,,,,,,,,,,,,,,,,,,,,,,,,,,,,,,,,,,,,,,,,,,,,,,,,,,,,,,,,,,,,,,,,,,,,,,,,,,,,,,,,,,,,,,,,,,,,,,,,,,,,,,,,,,,,,,,,,,,,,,,,,,,,,,,,,,,,,,,,,,,,,,,,,,,,,,,,,,,,,,,,,,,,,,,,,,,,,,,,,,,,,,,,,,,,,,,,,,,,,,,,,,,,,,,,,,,,,,,,,,,,,,,,,,,,,,,,,,,,,,,,,,,,,,,,,,,,,,,,,,,,,,,,,,,,,,,,,,,,,,,,,,,,,,,,,,,,,,,,,,,,,,,,,,,,,,,,,,,,,,,,,,,,,,,,,,,,,,,,,,,,,,,,,,,,,,,,,,,,,,,,,,,,,,,,,,,,,,,,,,,,,,,,,,,,,,,,,,,,,,,,,,,3.689065e+00,1.515152e+00,,1.515152e+00,,,,,,,,,,,,,,
,,,,,,,,,,,,,,,,,,,,,,,,,,,,,,,,,,,,,,,,,,,,,,,,,,,,,,,,,,,,,,,,,,,,,,,,,,,,,,,,,,,,,,,,,,,,,,,,,,,,,,,,,,,,,,,,,,,,,,,,,,,,,,,,,,,,,,,,,,,,,,,,,,,,,,,,,,,,,,,,,,,,,,,,,,,,,,,,,,,,,,,,,,,,,,,,,,,,,,,,,,,,,,,,,,,,,,,,,,,8.036890e+00,4.347826e+00,4.347826e+00,4.347826e+00,2.173913e+00,2.173913e+00,4.347826e+00,4.347826e+00,2.173913e+00,2.173913e+00,,,,,,,,,,,,,,,,,,,,,,,,,,,,,,,,,,,,,,,,,,,,,,,,,,,,,,,,,,,,,,,,,,,,,,,,,,,,,,,,,,,,,,,,,,,,,,,,,,,,,,,,,,,,,,,,,,,,,,,,,,,,,,,,,,,,,,,,,,,,,,,,,,,,,,,,,,,,,,,,,,,,,,,,,,,,,,,,,,,,,,,,,,,,,,,,,,,,,,,,,,,,,,,,,,,,,,,,,,,,,,,,,,,,,,,,,,,,,,,,,,,,,,,,,,,,,,,,,,,,,,,,,,,,,,,,,,,,,,,,,,,,,,,,,,,,,,,,,,,,,,,,,,,,,,,,,,,,,,,,,,,,,,,,,,,,,,,,,,,,,,,,,,,,,,,,,,,,,,,,,,,,,,,,,,,,,,,,,,,,,,,,,,,,,,,,,,,,,,,,,,,,,,,,,,,,,,,,,,,,,,,,,,,,,,,,,,,,,,,,,,,,,,,,,,,,,,,,,,,,,,,,,,,,,,,,,2.173913e+00,6.719368e+00,,,,,,,,,,,,,,,,,
,,,,,,,,,,,,,,,,,,,,,,,,,,,,,,,,,,,,,,,,,,,,,,,,,,,,,,,,,,,,,,,,,,,,,,,,,,,,,,,,,,,,,,,,,,,,,,,,,,,,,,,,,,,,,,,,,,,,,,,,,,,,,,,,,,,,,,,,,,,,,,,,,,,,,,,,,,,,,,,,,,,,,,,,,,,,,,,,,,,,,,,,,,,,,,,,,,,,,,,,,,,,,,,,,,,,,,,,,,2.173913e+00,5.862978e+00,2.173913e+00,4.347826e+00,2.173913e+00,2.173913e+00,4.347826e+00,4.347826e+00,4.347826e+00,4.347826e+00,2.173913e+00,,,,,,,,,,,,,,,,,,,,,,,,,,,,,,,,,,,,,,,,,,,,,,,,,,,,,,,,,,,,,,,,,,,,,,,,,,,,,,,,,,,,,,,,,,,,,,,,,,,,,,,,,,,,,,,,,,,,,,,,,,,,,,,,,,,,,,,,,,,,,,,,,,,,,,,,,,,,,,,,,,,,,,,,,,,,,,,,,,,,,,,,,,,,,,,,,,,,,,,,,,,,,,,,,,,,,,,,,,,,,,,,,,,,,,,,,,,,,,,,,,,,,,,,,,,,,,,,,,,,,,,,,,,,,,,,,,,,,,,,,,,,,,,,,,,,,,,,,,,,,,,,,,,,,,,,,,,,,,,,,,,,,,,,,,,,,,,,,,,,,,,,,,,,,,,,,,,,,,,,,,,,,,,,,,,,,,,,,,,,,,,,,,,,,,,,,,,,,,,,,,,,,,,,,,,,,,,,,,,,,,,,,,,,,,,,,,,,,,,,,,,,,,,,,,,,,,,,,,,,,,,,,,,,,1.515152e+00,,,,,,,,,,,,,,,,,,,,,,
,,,,,,,,,,,,,,,,,,,,,,,,,,,,,,,,,,,,,,,,,,,,,,,,,,,,,,,,,,,,,,,,,,,,,,,,,,,,,,,,,,,,,,,,,,,,,,,,,,,,,,,,,,,,,,,,,,,,,,,,,,,,,,,,,,,,,,,,,,,,,,,,,,,,,,,,,,,,,,,,,,,,,,,,,,,,,,,,,,,,,,,,,,,,,,,,,,,,,,,,,,,,,,,,,,,,,,,,,2.173913e+00,2.173913e+00,,,4.347826e+00,,4.347826e+00,2.173913e+00,4.347826e+00,,,,,,,,,,,,,,,,,,,,,,,,,,,,,,,,,,,,,,,,,,,,,,,,,,,,,,,,,,,,,,,,,,,,,,,,,,,,,,,,,,,,,,,,,,,,,,,,,,,,,,,,,,,,,,,,,,,,,,,,,,,,,,,,,,,,,,,,,,,,,,,,,,,,,,,,,,,,,,,,,,,,,,,,,,,,,,,,,,,,,,,,,,,,,,,,,,,,,,,,,,,,,,,,,,,,,,,,,,,,,,,,,,,,,,,,,,,,,,,,,,,,,,,,,,,,,,,,,,,,,,,,,,,,,,,,,,,,,,,,,,,,,,,,,,,,,,,,,,,,,,,,,,,,,,,,,,,,,,,,,,,,,,,,,,,,,,,,,,,,,,,,,,,,,,,,,,,,,,,,,,,,,,,,,,,,,,,,,,,,,,,,,,,,,,,,,,,,,,,,,,,,,,,,,,,,,,,,,,,,,,,,,,,,,,,,,,,,,,,,,,,,,,,,,,,,,,,,,,,,,,,,,,,,,,,,1.515152e+00,,,,2.173913e+00,,,,,,,,,,,,,,,,,,
,,,,,,,,,,,,,,,,,,,,,,,,,,,,,,,,,,,,,,,,,,,,,,,,,,,,,,,,,,,,,,,,,,,,,,,,,,,,,,,,,,,,,,,,,,,,,,,,,,,,,,,,,,,,,,,,,,,,,,,,,,,,,,,,,,,,,,,,,,,,,,,,,,,,,,,,,,,,,,,,,,,,,,,,,,,,,,,,,,,,,,,,,,,,,,,,,,,,,,,,,,,,,,,,,,,,,,,,2.173913e+00,,3.689065e+00,,2.173913e+00,,,,,,,,,,,,,,,,,,,,,,,,,,,,,,,,,,,,,,,,,,,,,,,,,,,,,,,,,,,,,,,,,,,,,,,,,,,,,,,,,,,,,,,,,,,,,,,,,,,,,,,,,,,,,,,,,,,,,,,,,,,,,,,,,,,,,,,,,,,,,,,,,,,,,,,,,,,,,,,,,,,,,,,,,,,,,,,,,,,,,,,,,,,,,,,,,,,,,,,,,,,,,,,,,,,,,,,,,,,,,,,,,,,,,,,,,,,,,,,,,,,,,,,,,,,,,,,,,,,,,,,,,,,,,,,,,,,,,,,,,,,,,,,,,,,,,,,,,,,,,,,,,,,,,,,,,,,,,,,,,,,,,,,,,,,,,,,,,,,,,,,,,,,,,,,,,,,,,,,,,,,,,,,,,,,,,,,,,,,,,,,,,,,,,,,,,,,,,,,,,,,,,,,,,,,,,,,,,,,,,,,,,,,,,,,,,,,,,,,,,,,,,,,,,,,,,,,,,,,,,,,,,,,,,,,,,,,1.515152e+00,3.689065e+00,3.689065e+00,3.689065e+00,3.689065e+00,1.515152e+00,,,,,,,,,,,,,,,,,,,
,,,,,,,,,,,,,,,,,,,,,,,,,,,,,,,,,,,,,,,,,,,,,,,,,,,,,,,,,,,,,,,,,,,,,,,,,,,,,,,,,,,,,,,,,,,,,,,,,,,,,,,,,,,,,,,,,,,,,,,,,,,,,,,,,,,,,,,,,,,,,,,,,,,,,,,,,,,,,,,,,,,,,,,,,,,,,,,,,,,,,,,,,,,,,,,,,,,,,,,,,,,,,,,,,,,,,,,2.173913e+00,5.862978e+00,3.689065e+00,3.689065e+00,2.173913e+00,,2.173913e+00,,,,,,,,,,,,,,,,,,,,,,,,,,,,,,,,,,,,,,,,,,,,,,,,,,,,,,,,,,,,,,,,,,,,,,,,,,,,,,,,,,,,,,,,,,,,,,,,,,,,,,,,,,,,,,,,,,,,,,,,,,,,,,,,,,,,,,,,,,,,,,,,,,,,,,,,,,,,,,,,,,,,,,,,,,,,,,,,,,,,,,,,,,,,,,,,,,,,,,,,,,,,,,,,,,,,,,,,,,,,,,,,,,,,,,,,,,,,,,,,,,,,,,,,,,,,,,,,,,,,,,,,,,,,,,,,,,,,,,,,,,,,,,,,,,,,,,,,,,,,,,,,,,,,,,,,,,,,,,,,,,,,,,,,,,,,,,,,,,,,,,,,,,,,,,,,,,,,,,,,,,,,,,,,,,,,,,,,,,,,,,,,,,,,,,,,,,,,,,,,,,,,,,,,,,,,,,,,,,,,,,,,,,,,,,,,,,,,,,,,,,,,,,,,,,,,,,,,,,,,,,,,,,,,,,,,,,1.515152e+00,1.515152e+00,1.515152e+00,1.515152e+00,3.689065e+00,,,,,,,,,,,,,,,,,,,,
,,,,,,,,,,,,,,,,,,,,,,,,,,,,,,,,,,,,,,,,,,,,,,,,,,,,,,,,,,,,,,,,,,,,,,,,,,,,,,,,,,,,,,,,,,,,,,,,,,,,,,,,,,,,,,,,,,,,,,,,,,,,,,,,,,,,,,,,,,,,,,,,,,,,,,,,,,,,,,,,,,,,,,,,,,,,,,,,,,,,,,,,,,,,,,,,,,,,,,,,,,,,,,,,,,,,,,2.173913e+00,2.173913e+00,,3.689065e+00,,2.173913e+00,,2.173913e+00,,,,,,,,,,,,,,,,,,,,,,,,,,,,,,,,,,,,,,,,,,,,,,,,,,,,,,,,,,,,,,,,,,,,,,,,,,,,,,,,,,,,,,,,,,,,,,,,,,,,,,,,,,,,,,,,,,,,,,,,,,,,,,,,,,,,,,,,,,,,,,,,,,,,,,,,,,,,,,,,,,,,,,,,,,,,,,,,,,,,,,,,,,,,,,,,,,,,,,,,,,,,,,,,,,,,,,,,,,,,,,,,,,,,,,,,,,,,,,,,,,,,,,,,,,,,,,,,,,,,,,,,,,,,,,,,,,,,,,,,,,,,,,,,,,,,,,,,,,,,,,,,,,,,,,,,,,,,,,,,,,,,,,,,,,,,,,,,,,,,,,,,,,,,,,,,,,,,,,,,,,,,,,,,,,,,,,,,,,,,,,,,,,,,,,,,,,,,,,,,,,,,,,,,,,,,,,,,,,,,,,,,,,,,,,,,,,,,,,,,,,,,,,,,,,,,,,,,,,,,,,,,,,,,,,,,,,,,,,,,,,,,,,,,,,,,,,,,,,
,,,,,,,,,,,,,,,,,,,,,,,,,,,,,,,,,,,,,,,,,,,,,,,,,,,,,,,,,,,,,,,,,,,,,,,,,,,,,,,,,,,,,,,,,,,,,,,,,,,,,,,,,,,,,,,,,,,,,,,,,,,,,,,,,,,,,,,,,,,,,,,,,,,,,,,,,,,,,,,,,,,,,,,,,,,,,,,,,,,,,,,,,,,,,,,,,,,,,,,,,,,,,,,,,,,,,,2.173913e+00,2.173913e+00,,3.689065e+00,3.689065e+00,3.689065e+00,,2.173913e+00,,,,,,,,,,,,,,,,,,,,,,,,,,,,,,,,,,,,,,,,,,,,,,,,,,,,,,,,,,,,,,,,,,,,,,,,,,,,,,,,,,,,,,,,,,,,,,,,,,,,,,,,,,,,,,,,,,,,,,,,,,,,,,,,,,,,,,,,,,,,,,,,,,,,,,,,,,,,,,,,,,,,,,,,,,,,,,,,,,,,,,,,,,,,,,,,,,,,,,,,,,,,,,,,,,,,,,,,,,,,,,,,,,,,,,,,,,,,,,,,,,,,,,,,,,,,,,,,,,,,,,,,,,,,,,,,,,,,,,,,,,,,,,,,,,,,,,,,,,,,,,,,,,,,,,,,,,,,,,,,,,,,,,,,,,,,,,,,,,,,,,,,,,,,,,,,,,,,,,,,,,,,,,,,,,,,,,,,,,,,,,,,,,,,,,,,,,,,,,,,,,,,,,,,,,,,,,,,,,,,,,,,,,,,,,,,,,,,,,,,,,,,,,,,,,,,,,,,,,,,,,,,,,,,,,,,,,,,,,,,,,,,,,,,,,,,,,,,,,
,,,,,,,,,,,,,,,,,,,,,,,,,,,,,,,,,,,,,,,,,,,,,,,,,,,,,,,,,,,,,,,,,,,,,,,,,,,,,,,,,,,,,,,,,,,,,,,,,,,,,,,,,,,,,,,,,,,,,,,,,,,,,,,,,,,,,,,,,,,,,,,,,,,,,,,,,,,,,,,,,,,,,,,,,,,,,,,,,,,,,,,,,,,,,,,,,,,,,,,,,,,,,,,,,,,,,,,2.173913e+00,2.173913e+00,1.515152e+00,1.515152e+00,3.689065e+00,,,,,,,,,,,,,,,,,,,,,,,,,,,,,,,,,,,,,,,,,,,,,,,,,,,,,,,,,,,,,,,,,,,,,,,,,,,,,,,,,,,,,,,,,,,,,,,,,,,,,,,,,,,,,,,,,,,,,,,,,,,,,,,,,,,,,,,,,,,,,,,,,,,,,,,,,,,,,,,,,,,,,,,,,,,,,,,,,,,,,,,,,,,,,,,,,,,,,,,,,,,,,,,,,,,,,,,,,,,,,,,,,,,,,,,,,,,,,,,,,,,,,,,,,,,,,,,,,,,,,,,,,,,,,,,,,,,,,,,,,,,,,,,,,,,,,,,,,,,,,,,,,,,,,,,,,,,,,,,,,,,,,,,,,,,,,,,,,,,,,,,,,,,,,,,,,,,,,,,,,,,,,,,,,,,,,,,,,,,,,,,,,,,,,,,,,,,,,,,,,,,,,,,,,,,,,,,,,,,,,,,,,,,,,,,,,,,,,,,,,,,,,,,,,,,,,,,,,,,,,,,,,,,,,,,,,,,,,,,,,,,,,,,,,,,,,,,,,,,,
,,,,,,,,,,,,,,,,,,,,,,,,,,,,,,,,,,,,,,,,,,,,,,,,,,,,,,,,,,,,,,,,,,,,,,,,,,,,,,,,,,,,,,,,,,,,,,,,,,,,,,,,,,,,,,,,,,,,,,,,,,,,,,,,,,,,,,,,,,,,,,,,,,,,,,,,,,,,,,,,,,,,,,,,,,,,,,,,,,,,,,,,,,,,,,,,,,,,,,,,,,,,,,,,,,,,,,,2.173913e+00,,1.515152e+00,1.515152e+00,3.689065e+00,2.173913e+00,,,,,,,,,,,,,,,,,,,,,,,,,,,,,,,,,,,,,,,,,,,,,,,,,,,,,,,,,,,,,,,,,,,,,,,,,,,,,,,,,,,,,,,,,,,,,,,,,,,,,,,,,,,,,,,,,,,,,,,,,,,,,,,,,,,,,,,,,,,,,,,,,,,,,,,,,,,,,,,,,,,,,,,,,,,,,,,,,,,,,,,,,,,,,,,,,,,,,,,,,,,,,,,,,,,,,,,,,,,,,,,,,,,,,,,,,,,,,,,,,,,,,,,,,,,,,,,,,,,,,,,,,,,,,,,,,,,,,,,,,,,,,,,,,,,,,,,,,,,,,,,,,,,,,,,,,,,,,,,,,,,,,,,,,,,,,,,,,,,,,,,,,,,,,,,,,,,,,,,,,,,,,,,,,,,,,,,,,,,,,,,,,,,,,,,,,,,,,,,,,,,,,,,,,,,,,,,,,,,,,,,,,,,,,,,,,,,,,,,,,,,,,,,,,,,,,,,,,,,,,,,,,,,,,,,,,,,,,,,,,,,,,,,,,,,,,,,,,,,
,,,,,,,,,,,,,,,,,,,,,,,,,,,,,,,,,,,,,,,,,,,,,,,,,,,,,,,,,,,,,,,,,,,,,,,,,,,,,,,,,,,,,,,,,,,,,,,,,,,,,,,,,,,,,,,,,,,,,,,,,,,,,,,,,,,,,,,,,,,,,,,,,,,,,,,,,,,,,,,,,,,,,,,,,,,,,,,,,,,,,,,,,,,,,,,,,,,,,,,,,,,,,,,,,,,,,,2.173913e+00,4.347826e+00,1.515152e+00,3.689065e+00,3.689065e+00,2.173913e+00,,,,,,,,,,,,,,,,,,,,,,,,,,,,,,,,,,,,,,,,,,,,,,,,,,,,,,,,,,,,,,,,,,,,,,,,,,,,,,,,,,,,,,,,,,,,,,,,,,,,,,,,,,,,,,,,,,,,,,,,,,,,,,,,,,,,,,,,,,,,,,,,,,,,,,,,,,,,,,,,,,,,,,,,,,,,,,,,,,,,,,,,,,,,,,,,,,,,,,,,,,,,,,,,,,,,,,,,,,,,,,,,,,,,,,,,,,,,,,,,,,,,,,,,,,,,,,,,,,,,,,,,,,,,,,,,,,,,,,,,,,,,,,,,,,,,,,,,,,,,,,,,,,,,,,,,,,,,,,,,,,,,,,,,,,,,,,,,,,,,,,,,,,,,,,,,,,,,,,,,,,,,,,,,,,,,,,,,,,,,,,,,,,,,,,,,,,,,,,,,,,,,,,,,,,,,,,,,,,,,,,,,,,,,,,,,,,,,,,,,,,,,,,,,,,,,,,,,,,,,,,,,,,,,,,,,,,,,,,,,,,,,,,,,,,,,,,,,,,,,
,,,,,,,,,,,,,,,,,,,,,,,,,,,,,,,,,,,,,,,,,,,,,,,,,,,,,,,,,,,,,,,,,,,,,,,,,,,,,,,,,,,,,,,,,,,,,,,,,,,,,,,,,,,,,,,,,,,,,,,,,,,,,,,,,,,,,,,,,,,,,,,,,,,,,,,,,,,,,,,,,,,,,,,,,,,,,,,,,,,,,,,,,,,,,,,,,,,,,,,,,,,,,,,,,,,,,,,1.515152e+00,,,,,,,,,,,,,,,,,,,,,,,,,,,,,,,,,,,,,,,,,,,,,,,,,,,,,,,,,,,,,,,,,,,,,,,,,,,,,,,,,,,,,,,,,,,,,,,,,,,,,,,,,,,,,,,,,,,,,,,,,,,,,,,,,,,,,,,,,,,,,,,,,,,,,,,,,,,,,,,,,,,,,,,,,,,,,,,,,,,,,,,,,,,,,,,,,,,,,,,,,,,,,,,,,,,,,,,,,,,,,,,,,,,,,,,,,,,,,,,,,,,,,,,,,,,,,,,,,,,,,,,,,,,,,,,,,,,,,,,,,,,,,,,,,,,,,,,,,,,,,,,,,,,,,,,,,,,,,,,,,,,,,,,,,,,,,,,,,,,,,,,,,,,,,,,,,,,,,,,,,,,,,,,,,,,,,,,,,,,,,,,,,,,,,,,,,,,,,,,,,,,,,,,,,,,,,,,,,,,,,,,,,,,,,,,,,,,,,,,,,,,,,,,,,,,,,,,,,,,,,,,,,,,,,,,,,,,,,,,,,,,,,,,,,,,,,,,,,,,,,,,,
,,,,,,,,,,,,,,,,,,,,,,,,,,,,,,,,,,,,,,,,,,,,,,,,,,,,,,,,,,,,,,,,,,,,,,,,,,,,,,,,,,,,,,,,,,,,,,,,,,,,,,,,,,,,,,,,,,,,,,,,,,,,,,,,,,,,,,,,,,,,,,,,,,,,,,,,,,,,,,,,,,,,,,,,,,,,,,,,,,,,,,,,,,,,,,,,,,,,,,,,,,,,,,,,,,,,,,1.515152e+00,,,,,,,,,,,,,,,,,,,,,,,,,,,,,,,,,,,,,,,,,,,,,,,,,,,,,,,,,,,,,,,,,,,,,,,,,,,,,,,,,,,,,,,,,,,,,,,,,,,,,,,,,,,,,,,,,,,,,,,,,,,,,,,,,,,,,,,,,,,,,,,,,,,,,,,,,,,,,,,,,,,,,,,,,,,,,,,,,,,,,,,,,,,,,,,,,,,,,,,,,,,,,,,,,,,,,,,,,,,,,,,,,,,,,,,,,,,,,,,,,,,,,,,,,,,,,,,,,,,,,,,,,,,,,,,,,,,,,,,,,,,,,,,,,,,,,,,,,,,,,,,,,,,,,,,,,,,,,,,,,,,,,,,,,,,,,,,,,,,,,,,,,,,,,,,,,,,,,,,,,,,,,,,,,,,,,,,,,,,,,,,,,,,,,,,,,,,,,,,,,,,,,,,,,,,,,,,,,,,,,,,,,,,,,,,,,,,,,,,,,,,,,,,,,,,,,,,,,,,,,,,,,,,,,,,,,,,,,,,,,,,,,,,,,,,,,,,,,,,,,,,,,
,,,,,,,,,,,,,,,,,,,,,,,,,,,,,,,,,,,,,,,,,,,,,,,,,,,,,,,,,,,,,,,,,,,,,,,,,,,,,,,,,,,,,,,,,,,,,,,,,,,,,,,,,,,,,,,,,,,,,,,,,,,,,,,,,,,,,,,,,,,,,,,,,,,,,,,,,,,,,,,,,,,,,,,,,,,,,,,,,,,,,,,,,,,,,,,,,,,,,,,,,,,,,,,,,,,,,,,,,,,,,,,,,,,,,,,,,,,,,,,,,,,,,,,,,,,,,,,,,,,,,,,,,,,,,,,,,,,,,,,,,,,,,,,,,,,,,,,,,,,,,,,,,,,,,,,,,,,,,,,,,,,,,,,,,,,,,,,,,,,,,,,,,,,,,,,,,,,,,,,,,,,,,,,,,,,,,,,,,,,,,,,,,,,,,,,,,,,,,,,,,,,,,,,,,,,,,,,,,,,,,,,,,,,,,,,,,,,,,,,,,,,,,,,,,,,,,,,,,,,,,,,,,,,,,,,,,,,,,,,,,,,,,,,,,,,,,,,,,,,,,,,,,,,,,,,,,,,,,,,,,,,,,,,,,,,,,,,,,,,,,,,,,,,,,,,,,,,,,,,,,,,,,,,,,,,,,,,,,,,,,,,,,,,,,,,,,,,,,,,,,,,,,,,,,,,,,,,,,,,,,,,,,,,,,,,,,,,,,,,,,,,,,,,,,,,,,,,,,,,,,,,,,,,,,,,,,,,,,,,,,,,,,,,,,,,,,,,,,,,,,,,,,,,,,,,,,,,,,,,
,,,,,,,,,,,,,,,,,,,,,,,,,,,,,,,,,,,,,,,,,,,,,,,,,,,,,,,,,,,,,,,,,,,,,,,,,,,,,,,,,,,,,,,,,,,,,,,,,,,,,,,,,,,,,,,,,,,,,,,,,,,,,,,,,,,,,,,,,,,,,,,,,,,,,,,,,,,,,,,,,,,,,,,,,,,,,,,,,,,,,,,,,,,,,,,,,,,,,,,,,,,,,,,,,,,,,,,1.515152e+00,,,,,,,,,,,,,,,,,,,,,,,,,,,,,,,,,,,,,,,,,,,,,,,,,,,,,,,,,,,,,,,,,,,,,,,,,,,,,,,,,,,,,,,,,,,,,,,,,,,,,,,,,,,,,,,,,,,,,,,,,,,,,,,,,,,,,,,,,,,,,,,,,,,,,,,,,,,,,,,,,,,,,,,,,,,,,,,,,,,,,,,,,,,,,,,,,,,,,,,,,,,,,,,,,,,,,,,,,,,,,,,,,,,,,,,,,,,,,,,,,,,,,,,,,,,,,,,,,,,,,,,,,,,,,,,,,,,,,,,,,,,,,,,,,,,,,,,,,,,,,,,,,,,,,,,,,,,,,,,,,,,,,,,,,,,,,,,,,,,,,,,,,,,,,,,,,,,,,,,,,,,,,,,,,,,,,,,,,,,,,,,,,,,,,,,,,,,,,,,,,,,,,,,,,,,,,,,,,,,,,,,,,,,,,,,,,,,,,,,,,,,,,,,,,,,,,,,,,,,,,,,,,,,,,,,,,,,,,,,,,,,,,,,,,,,,,,,,,,,,,,,,
,,,,,,,,,,,,,,,,,,,,,,,,,,,,,,,,,,,,,,,,,,,,,,,,,,,,,,,,,,,,,,,,,,,,,,,,,,,,,,,,,,,,,,,,,,,,,,,,,,,,,,,,,,,,,,,,,,,,,,,,,,,,,,,,,,,,,,,,,,,,,,,,,,,,,,,,,,,,,,,,,,,,,,,,,,,,,,,,,,,,,,,,,,,,,,,,,,,,,,,,,,,,,,,,,,,,,,,,,,,,,,,,,,,,,,,,,,,,,,,,,,,,,,,,,,,,,,,,,,,,,,,,,,,,,,,,,,,,,,,,,,,,,,,,,,,,,,,,,,,,,,,,,,,,,,,,,,,,,,,,,,,,,,,,,,,,,,,,,,,,,,,,,,,,,,,,,,,,,,,,,,,,,,,,,,,,,,,,,,,,,,,,,,,,,,,,,,,,,,,,,,,,,,,,,,,,,,,,,,,,,,,,,,,,,,,,,,,,,,,,,,,,,,,,,,,,,,,,,,,,,,,,,,,,,,,,,,,,,,,,,,,,,,,,,,,,,,,,,,,,,,,,,,,,,,,,,,,,,,,,,,,,,,,,,,,,,,,,,,,,,,,,,,,,,,,,,,,,,,,,,,,,,,,,,,,,,,,,,,,,,,,,,,,,,,,,,,,,,,,,,,,,,,,,,,,,,,,,,,,,,,,,,,,,,,,,,,,,,,,,,,,,,,,,,,,,,,,,,,,,,,,,,,,,,,,,,,,,,,,,,,,,,,,,,,,,,,,,,,,,,,,,,,,,,,,,,,,,,,,
,,,,,,,,,,,,,,,,,,,,,,,,,,,,,,,,,,,,,,,,,,,,,,,,,,,,,,,,,,,,,,,,,,,,,,,,,,,,,,,,,,,,,,,,,,,,,,,,,,,,,,,,,,,,,,,,,,,,,,,,,,,,,,,,,,,,,,,,,,,,,,,,,,,,,,,,,,,,,,,,,,,,,,,,,,,,,,,,,,,,,,,,,,,,,,,,,,,,,,,,,,,,,,,,,,,,,,,,,,,,,,,,,,,,,,,,,,,,,,,,,,,,,,,,,,,,,,,,,,,,,,,,,,,,,,,,,,,,,,,,,,,,,,,,,,,,,,,,,,,,,,,,,,,,,,,,,,,,,,,,,,,,,,,,,,,,,,,,,,,,,,,,,,,,,,,,,,,,,,,,,,,,,,,,,,,,,,,,,,,,,,,,,,,,,,,,,,,,,,,,,,,,,,,,,,,,,,,,,,,,,,,,,,,,,,,,,,,,,,,,,,,,,,,,,,,,,,,,,,,,,,,,,,,,,,,,,,,,,,,,,,,,,,,,,,,,,,,,,,,,,,,,,,,,,,,,,,,,,,,,,,,,,,,,,,,,,,,,,,,,,,,,,,,,,,,,,,,,,,,,,,,,,,,,,,,,,,,,,,,,,,,,,,,,,,,,,,,,,,,,,,,,,,,,,,,,,,,,,,,,,,,,,,,,,,,,,,,,,,,,,,,,,,,,,,,,,,,,,,,,,,,,,,,,,,,,,,,,,,,,,,,,,,,,,,,,,,,,,,,,,,,,,,,,,,,,,,,,,,,
,,,,,,,,,,,,,,,,,,,,,,,,,,,,,,,,,,,,,,,,,,,,,,,,,,,,,,,,,,,,,,,,,,,,,,,,,,,,,,,,,,,,,,,,,,,,,,,,,,,,,,,,,,,,,,,,,,,,,,,,,,,,,,,,,,,,,,,,,,,,,,,,,,,,,,,,,,,,,,,,,,,,,,,,,,,,,,,,,,,,,,,,,,,,,,,,,,,,,,,,,,,,,,,,,,,,,,,,,,,,,,,,,,,,,,,,,,,,,,,,,,,,,,,,,,,,,,,,,,,,,,,,,,,,,,,,,,,,,,,,,,,,,,,,,,,,,,,,,,,,,,,,,,,,,,,,,,,,,,,,,,,,,,,,,,,,,,,,,,,,,,,,,,,,,,,,,,,,,,,,,,,,,,,,,,,,,,,,,,,,,,,,,,,,,,,,,,,,,,,,,,,,,,,,,,,,,,,,,,,,,,,,,,,,,,,,,,,,,,,,,,,,,,,,,,,,,,,,,,,,,,,,,,,,,,,,,,,,,,,,,,,,,,,,,,,,,,,,,,,,,,,,,,,,,,,,,,,,,,,,,,,,,,,,,,,,,,,,,,,,,,,,,,,,,,,,,,,,,,,,,,,,,,,,,,,,,,,,,,,,,,,,,,,,,,,,,,,,,,,,,,,,,,,,,,,,,,,,,,,,,,,,,,,,,,,,,,,,,,,,,,,,,,,,,,,,,,,,,,,,,,,,,,,,,,,,,,,,,,,,,,,,,,,,,,,,,,,,,,,,,,,,,,,,,,,,,,,,,,,
,,,,,,,,,,,,,,,,,,,,,,,,,,,,,,,,,,,,,,,,,,,,,,,,,,,,,,,,,,,,,,,,,,,,,,,,,,,,,,,,,,,,,,,,,,,,,,,,,,,,,,,,,,,,,,,,,,,,,,,,,,,,,,,,,,,,,,,,,,,,,,,,,,,,,,,,,,,,,,,,,,,,,,,,,,,,,,,,,,,,,,,,,,,,,,,,,,,,,,,,,,,,,,,,,,,,,,,,,,,,,,2.173913e+00,,,,,,,,,,,,,,,,,,,,,,,,,,,,,,,,,,,,,,,,,,,,,,,,,,,,,,,,,,,,,,,,,,,,,,,,,,,,,,,,,,,,,,,,,,,,,,,,,,,,,,,,,,,,,,,,,,,,,,,,,,,,,,,,,,,,,,,,,,,,,,,,,,,,,,,,,,,,,,,,,,,,,,,,,,,,,,,,,,,,,,,,,,,,,,,,,,,,,,,,,,,,,,,,,,,,,,,,,,,,,,,,,,,,,,,,,,,,,,,,,,,,,,,,,,,,,,,,,,,,,,,,,,,,,,,,,,,,,,,,,,,,,,,,,,,,,,,,,,,,,,,,,,,,,,,,,,,,,,,,,,,,,,,,,,,,,,,,,,,,,,,,,,,,,,,,,,,,,,,,,,,,,,,,,,,,,,,,,,,,,,,,,,,,,,,,,,,,,,,,,,,,,,,,,,,,,,,,,,,,,,,,,,,,,,,,,,,,,,,,,,,,,,,,,,,,,,,,,,,,,,,,,,,,,,,,,,,,,,,,,,,,,,,,,,,,,,,,,
,,,,,,,,,,,,,,,,,,,,,,,,,,,,,,,,,,,,,,,,,,,,,,,,,,,,,,,,,,,,,,,,,,,,,,,,,,,,,,,,,,,,,,,,,,,,,,,,,,,,,,,,,,,,,,,,,,,,,,,,,,,,,,,,,,,,,,,,,,,,,,,,,,,,,,,,,,,,,,,,,,,,,,,,,,,,,,,,,,,,,,,,,,,,,,,,,,,,,,,,,,,,,,,,,,,,,,,,,,,,,,,,,,,,,,,,,,,,,,,,,,,,,,,,,,,,,,,,,,,,,,,,,,,,,,,,,,,,,,,,,,,,,,,,,,,,,,,,,,,,,,,,,,,,,,,,,,,,,,,,,,,,,,,,,,,,,,,,,,,,,,,,,,,,,,,,,,,,,,,,,,,,,,,,,,,,,,,,,,,,,,,,,,,,,,,,,,,,,,,,,,,,,,,,,,,,,,,,,,,,,,,,,,,,,,,,,,,,,,,,,,,,,,,,,,,,,,,,,,,,,,,,,,,,,,,,,,,,,,,,,,,,,,,,,,,,,,,,,,,,,,,,,,,,,,,,,,,,,,,,,,,,,,,,,,,,,,,,,,,,,,,,,,,,,,,,,,,,,,,,,,,,,,,,,,,,,,,,,,,,,,,,,,,,,,,,,,,,,,,,,,,,,,,,,,,,,,,,,,,,,,,,,,,,,,,,,,,,,,,,,,,,,,,,,,,,,,,,,,,,,,,,,,,,,,,,,,,,,,,,,,,,,,,,,,,,,,,,,,,,,,,,,,,,,,,,,,,,,,,
,,,,,,,,,,,,,,,,,,,,,,,,,,,,,,,,,,,,,,,,,,,,,,,,,,,,,,,,,,,,,,,,,,,,,,,,,,,,,,,,,,,,,,,,,,,,,,,,,,,,,,,,,,,,,,,,,,,,,,,,,,,,,,,,,,,,,,,,,,,,,,,,,,,,,,,,,,,,,,,,,,,,,,,,,,,,,,,,,,,,,,,,,,,,,,,,,,,,,,,,,,,,,,,,,,,,,,,,,,,,,,,,,,,,,,,,,,,,,,,,,,,,,,,,,,,,,,,,,,,,,,,,,,,,,,,,,,,,,,,,,,,,,,,,,,,,,,,,,,,,,,,,,,,,,,,,,,,,,,,,,,,,,,,,,,,,,,,,,,,,,,,,,,,,,,,,,,,,,,,,,,,,,,,,,,,,,,,,,,,,,,,,,,,,,,,,,,,,,,,,,,,,,,,,,,,,,,,,,,,,,,,,,,,,,,,,,,,,,,,,,,,,,,,,,,,,,,,,,,,,,,,,,,,,,,,,,,,,,,,,,,,,,,,,,,,,,,,,,,,,,,,,,,,,,,,,,,,,,,,,,,,,,,,,,,,,,,,,,,,,,,,,,,,,,,,,,,,,,,,,,,,,,,,,,,,,,,,,,,,,,,,,,,,,,,,,,,,,,,,,,,,,,,,,,,,,,,,,,,,,,,,,,,,,,,,,,,,,,,,,,,,,,,,,,,,,,,,,,,,,,,,,,,,,,,,,,,,,,,,,,,,,,,,,,,,,,,,,,,,,,,,,,,,,,,,,,,,,,,,
,,,,,,,,,,,,,,,,,,,,,,,,,,,,,,,,,,,,,,,,,,,,,,,,,,,,,,,,,,,,,,,,,,,,,,,,,,,,,,,,,,,,,,,,,,,,,,,,,,,,,,,,,,,,,,,,,,,,,,,,,,,,,,,,,,,,,,,,,,,,,,,,,,,,,,,,,,,,,,,,,,,,,,,,,,,,,,,,,,,,,,,,,,,,,,,,,,,,,,,,,,,,,,,,,,,,,,,,,,,,,,,,,,,,,,,,,,,,,,,,,,,,,,,,,,,,,,,,,,,,,,,,,,,,,,,,,,,,,,,,,,,,,,,,,,,,,,,,,,,,,,,,,,,,,,,,,,,,,,,,,,,,,,,,,,,,,,,,,,,,,,,,,,,,,,,,,,,,,,,,,,,,,,,,,,,,,,,,,,,,,,,,,,,,,,,,,,,,,,,,,,,,,,,,,,,,,,,,,,,,,,,,,,,,,,,,,,,,,,,,,,,,,,,,,,,,,,,,,,,,,,,,,,,,,,,,,,,,,,,,,,,,,,,,,,,,,,,,,,,,,,,,,,,,,,,,,,,,,,,,,,,,,,,,,,,,,,,,,,,,,,,,,,,,,,,,,,,,,,,,,,,,,,,,,,,,,,,,,,,,,,,,,,,,,,,,,,,,,,,,,,,,,,,,,,,,,,,,,,,,,,,,,,,,,,,,,,,,,,,,,,,,,,,,,,,,,,,,,,,,,,,,,,,,,,,,,,,,,,,,,,,,,,,,,,,,,,,,,,,,,,,,,,,,,,,,,,,,,,,
,,,,,,,,,,,,,,,,,,,,,,,,,,,,,,,,,,,,,,,,,,,,,,,,,,,,,,,,,,,,,,,,,,,,,,,,,,,,,,,,,,,,,,,,,,,,,,,,,,,,,,,,,,,,,,,,,,,,,,,,,,,,,,,,,,,,,,,,,,,,,,,,,,,,,,,,,,,,,,,,,,,,,,,,,,,,,,,,,,,,,,,,,,,,,,,,,,,,,,,,,,,,,,,,,,,,,,,,,,,,,,,,,,,,,2.173913e+00,,1.086957e+01,,,,,,,,,,,,,,,,,,,,,,,,,,,,,,,,,,,,,,,,,,,,,,,,,,,,,,,,,,,,,,,,,,,,,,,,,,,,,,,,,,,,,,,,,,,,,,,,,,,,,,,,,,,,,,,,,,,,,,,,,,,,,,,,,,,,,,,,,,,,,,,,,,,,,,,,,,,,,,,,,,,,,,,,,,,,,,,,,,,,,,,,,,,,,,,,,,,,,,,,,,,,,,,,,,,,,,,,,,,,,,,,,,,,,,,,,,,,,,,,,,,,,,,,,,,,,,,,,,,,,,,,,,,,,,,,,,,,,,,,,,,,,,,,,,,,,,,,,,,,,,,,,,,,,,,,,,,,,,,,,,,,,,,,,,,,,,,,,,,,,,,,,,,,,,,,,,,,,,,,,,,,,,,,,,,,,,,,,,,,,,,,,,,,,,,,,,,,,,,,,,,,,,,,,,,,,,,,,,,,,,,,,,,,,,,,,,,,,,,,,,,,,,,,,,,,,,,,,,,,,,,,,,,,,,,,,,,,,,,,,,,,,,,,
,,,,,,,,,,,,,,,,,,,,,,,,,,,,,,,,,,,,,,,,,,,,,,,,,,,,,,,,,,,,,,,,,,,,,,,,,,,,,,,,,,,,,,,,,,,,,,,,,,,,,,,,,,,,,,,,,,,,,,,,,,,,,,,,,,,,,,,,,,,,,,,,,,,,,,,,,,,,,,,,,,,,,,,,,,,,,,,,,,,,,,,,,,,,,,,,,,,,,,,,,,,,,,,,,,,,,,,,,,,,1.515152e+00,,,,,,,,,,,,,,,,,,,,,,,,,,,,,,,,,,,,,,,,,,,,,,,,,,,,,,,,,,,,,,,,,,,,,,,,,,,,,,,,,,,,,,,,,,,,,,,,,,,,,,,,,,,,,,,,,,,,,,,,,,,,,,,,,,,,,,,,,,,,,,,,,,,,,,,,,,,,,,,,,,,,,,,,,,,,,,,,,,,,,,,,,,,,,,,,,,,,,,,,,,,,,,,,,,,,,,,,,,,,,,,,,,,,,,,,,,,,,,,,,,,,,,,,,,,,,,,,,,,,,,,,,,,,,,,,,,,,,,,,,,,,,,,,,,,,,,,,,,,,,,,,,,,,,,,,,,,,,,,,,,,,,,,,,,,,,,,,,,,,,,,,,,,,,,,,,,,,,,,,,,,,,,,,,,,,,,,,,,,,,,,,,,,,,,,,,,,,,,,,,,,,,,,,,,,,,,,,,,,,,,,,,,,,,,,,,,,,,,,,,,,,,,,,,,,,,,,,,,,,,,,,,,,,,,,,,,,,,,,,,,,,,,,,,,,,,,,,,,,
,,,,,,,,,,,,,,,,,,,,,,,,,,,,,,,,,,,,,,,,,,,,,,,,,,,,,,,,,,,,,,,,,,,,,,,,,,,,,,,,,,,,,,,,,,,,,,,,,,,,,,,,,,,,,,,,,,,,,,,,,,,,,,,,,,,,,,,,,,,,,,,,,,,,,,,,,,,,,,,,,,,,,,,,,,,,,,,,,,,,,,,,,,,,,,,,,,,,,,,,,,,,,,,,,,,,,,,,,,,,,,,,,,,,,,,,,,,,,,,,,,,,,,,,,,,,,,,,,,,,,,,,,,,,,,,,,,,,,,,,,,,,,,,,,,,,,,,,,,,,,,,,,,,,,,,,,,,,,,,,,,,,,,,,,,,,,,,,,,,,,,,,,,,,,,,,,,,,,,,,,,,,,,,,,,,,,,,,,,,,,,,,,,,,,,,,,,,,,,,,,,,,,,,,,,,,,,,,,,,,,,,,,,,,,,,,,,,,,,,,,,,,,,,,,,,,,,,,,,,,,,,,,,,,,,,,,,,,,,,,,,,,,,,,,,,,,,,,,,,,,,,,,,,,,,,,,,,,,,,,,,,,,,,,,,,,,,,,,,,,,,,,,,,,,,,,,,,,,,,,,,,,,,,,,,,,,,,,,,,,,,,,,,,,,,,,,,,,,,,,,,,,,,,,,,,,,,,,,,,,,,,,,,,,,,,,,,,,,,,,,,,,,,,,,,,,,,,,,,,,,,,,,,,,,,,,,,,,,,,,,,,,,,,,,,,,,,,,,,,,,,,,,,,,,,,,,,,,,,,
,,,,,,,,,,,,,,,,,,,,,,,,,,,,,,,,,,,,,,,,,,,,,,,,,,,,,,,,,,,,,,,,,,,,,,,,,,,,,,,,,,,,,,,,,,,,,,,,,,,,,,,,,,,,,,,,,,,,,,,,,,,,,,,,,,,,,,,,,,,,,,,,,,,,,,,,,,,,,,,,,,,,,,,,,,,,,,,,,,,,,,,,,,,,,,,,,,,,,,,,,,,,,,,,,,,,,,,,,,,,,,,,,,,,,,,,,,,,,,,,,,,,,,,,,,,,,,,,,,,,,,,,,,,,,,,,,,,,,,,,,,,,,,,,,,,,,,,,,,,,,,,,,,,,,,,,,,,,,,,,,,,,,,,,,,,,,,,,,,,,,,,,,,,,,,,,,,,,,,,,,,,,,,,,,,,,,,,,,,,,,,,,,,,,,,,,,,,,,,,,,,,,,,,,,,,,,,,,,,,,,,,,,,,,,,,,,,,,,,,,,,,,,,,,,,,,,,,,,,,,,,,,,,,,,,,,,,,,,,,,,,,,,,,,,,,,,,,,,,,,,,,,,,,,,,,,,,,,,,,,,,,,,,,,,,,,,,,,,,,,,,,,,,,,,,,,,,,,,,,,,,,,,,,,,,,,,,,,,,,,,,,,,,,,,,,,,,,,,,,,,,,,,,,,,,,,,,,,,,,,,,,,,,,,,,,,,,,,,,,,,,,,,,,,,,,,,,,,,,,,,,,,,,,,,,,,,,,,,,,,,,,,,,,,,,,,,,,,,,,,,,,,,,,,,,,,,,,,,,,
,,,,,,,,,,,,,,,,,,,,,,,,,,,,,,,,,,,,,,,,,,,,,,,,,,,,,,,,,,,,,,,,,,,,,,,,,,,,,,,,,,,,,,,,,,,,,,,,,,,,,,,,,,,,,,,,,,,,,,,,,,,,,,,,,,,,,,,,,,,,,,,,,,,,,,,,,,,,,,,,,,,,,,,,,,,,,,,,,,,,,,,,,,,,,,,,,,,,,,,,,,,,,,,,,,,,,,,,,,,,,,,,,,,,,,,,,,,,,,,,,,,,,,,,,,,,,,,,,,,,,,,,,,,,,,,,,,,,,,,,,,,,,,,,,,,,,,,,,,,,,,,,,,,,,,,,,,,,,,,,,,,,,,,,,,,,,,,,,,,,,,,,,,,,,,,,,,,,,,,,,,,,,,,,,,,,,,,,,,,,,,,,,,,,,,,,,,,,,,,,,,,,,,,,,,,,,,,,,,,,,,,,,,,,,,,,,,,,,,,,,,,,,,,,,,,,,,,,,,,,,,,,,,,,,,,,,,,,,,,,,,,,,,,,,,,,,,,,,,,,,,,,,,,,,,,,,,,,,,,,,,,,,,,,,,,,,,,,,,,,,,,,,,,,,,,,,,,,,,,,,,,,,,,,,,,,,,,,,,,,,,,,,,,,,,,,,,,,,,,,,,,,,,,,,,,,,,,,,,,,,,,,,,,,,,,,,,,,,,,,,,,,,,,,,,,,,,,,,,,,,,,,,,,,,,,,,,,,,,,,,,,,,,,,,,,,,,,,,,,,,,,,,,,,,,,,,,,,,,,
,,,,,,,,,,,,,,,,,,,,,,,,,,,,,,,,,,,,,,,,,,,,,,,,,,,,,,,,,,,,,,,,,,,,,,,,,,,,,,,,,,,,,,,,,,,,,,,,,,,,,,,,,,,,,,,,,,,,,,,,,,,,,,,,,,,,,,,,,,,,,,,,,,,,,,,,,,,,,,,,,,,,,,,,,,,,,,,,,,,,,,,,,,,,,,,,,,,,,,,,,,,,,,,,,,,,,,,,,,,,,,,,,,,,,,,,,,,,,,,,,,,,,,,,,,,,,,,,,,,,,,,,,,,,,,,,,,,,,,,,,,,,,,,,,,,,,,,,,,,,,,,,,,,,,,,,,,,,,,,,,,,,,,,,,,,,,,,,,,,,,,,,,,,,,,,,,,,,,,,,,,,,,,,,,,,,,,,,,,,,,,,,,,,,,,,,,,,,,,,,,,,,,,,,,,,,,,,,,,,,,,,,,,,,,,,,,,,,,,,,,,,,,,,,,,,,,,,,,,,,,,,,,,,,,,,,,,,,,,,,,,,,,,,,,,,,,,,,,,,,,,,,,,,,,,,,,,,,,,,,,,,,,,,,,,,,,,,,,,,,,,,,,,,,,,,,,,,,,,,,,,,,,,,,,,,,,,,,,,,,,,,,,,,,,,,,,,,,,,,,,,,,,,,,,,,,,,,,,,,,,,,,,,,,,,,,,,,,,,,,,,,,,,,,,,,,,,,,,,,,,,,,,,,,,,,,,,,,,,,,,,,,,,,,,,,,,,,,,,,,,,,,,,,,,,,,,,,,,,,
,,,,,,,,,,,,,,,,,,,,,,,,,,,,,,,,,,,,,,,,,,,,,,,,,,,,,,,,,,,,,,,,,,,,,,,,,,,,,,,,,,,,,,,,,,,,,,,,,,,,,,,,,,,,,,,,,,,,,,,,,,,,,,,,,,,,,,,,,,,,,,,,,,,,,,,,,,,,,,,,,,,,,,,,,,,,,,,,,,,,,,,,,,,,,,,,,,,,,,,,,,,,,,,,,,,,,,,,,,,,,,,,,,,,,,,,,,,,,,,,,,,,,,,,,,,,,,,,,,,,,,,,,,,,,,,,,,,,,,,,,,,,,,,,,,,,,,,,,,,,,,,,,,,,,,,,,,,,,,,,,,,,,,,,,,,,,,,,,,,,,,,,,,,,,,,,,,,,,,,,,,,,,,,,,,,,,,,,,,,,,,,,,,,,,,,,,,,,,,,,,,,,,,,,,,,,,,,,,,,,,,,,,,,,,,,,,,,,,,,,,,,,,,,,,,,,,,,,,,,,,,,,,,,,,,,,,,,,,,,,,,,,,,,,,,,,,,,,,,,,,,,,,,,,,,,,,,,,,,,,,,,,,,,,,,,,,,,,,,,,,,,,,,,,,,,,,,,,,,,,,,,,,,,,,,,,,,,,,,,,,,,,,,,,,,,,,,,,,,,,,,,,,,,,,,,,,,,,,,,,,,,,,,,,,,,,,,,,,,,,,,,,,,,,,,,,,,,,,,,,,,,,,,,,,,,,,,,,,,,,,,,,,,,,,,,,,,,,,,,,,,,,,,,,,,,,,,,,,,,
,,,,,,,,,,,,,,,,,,,,,,,,,,,,,,,,,,,,,,,,,,,,,,,,,,,,,,,,,,,,,,,,,,,,,,,,,,,,,,,,,,,,,,,,,,,,,,,,,,,,,,,,,,,,,,,,,,,,,,,,,,,,,,,,,,,,,,,,,,,,,,,,,,,,,,,,,,,,,,,,,,,,,,,,,,,,,,,,,,,,,,,,,,,,,,,,,,,,,,,,,,,,,,,,,,,,,,,,,,,,,,,,,,,,,,,,,,,,,,,,,,,,,,,,,,,,,,,,,,,,,,,,,,,,,,,,,,,,,,,,,,,,,,,,,,,,,,,,,,,,,,,,,,,,,,,,,,,,,,,,,,,,,,,,,,,,,,,,,,,,,,,,,,,,,,,,,,,,,,,,,,,,,,,,,,,,,,,,,,,,,,,,,,,,,,,,,,,,,,,,,,,,,,,,,,,,,,,,,,,,,,,,,,,,,,,,,,,,,,,,,,,,,,,,,,,,,,,,,,,,,,,,,,,,,,,,,,,,,,,,,,,,,,,,,,,,,,,,,,,,,,,,,,,,,,,,,,,,,,,,,,,,,,,,,,,,,,,,,,,,,,,,,,,,,,,,,,,,,,,,,,,,,,,,,,,,,,,,,,,,,,,,,,,,,,,,,,,,,,,,,,,,,,,,,,,,,,,,,,,,,,,,,,,,,,,,,,,,,,,,,,,,,,,,,,,,,,,,,,,,,,,,,,,,,,,,,,,,,,,,,,,,,,,,,,,,,,,,,,,,,,,,,,,,,,,,,,,,,,,
,,,,,,,,,,,,,,,,,,,,,,,,,,,,,,,,,,,,,,,,,,,,,,,,,,,,,,,,,,,,,,,,,,,,,,,,,,,,,,,,,,,,,,,,,,,,,,,,,,,,,,,,,,,,,,,,,,,,,,,,,,,,,,,,,,,,,,,,,,,,,,,,,,,,,,,,,,,,,,,,,,,,,,,,,,,,,,,,,,,,,,,,,,,,,,,,,,,,,,,,,,,,,,,,,,,,,,,,,,,,,,,,,,,,,,,,,,,,,,,,,,,,,,,,,,,,,,,,,,,,,,,,,,,,,,,,,,,,,,,,,,,,,,,,,,,,,,,,,,,,,,,,,,,,,,,,,,,,,,,,,,,,,,,,,,,,,,,,,,,,,,,,,,,,,,,,,,,,,,,,,,,,,,,,,,,,,,,,,,,,,,,,,,,,,,,,,,,,,,,,,,,,,,,,,,,,,,,,,,,,,,,,,,,,,,,,,,,,,,,,,,,,,,,,,,,,,,,,,,,,,,,,,,,,,,,,,,,,,,,,,,,,,,,,,,,,,,,,,,,,,,,,,,,,,,,,,,,,,,,,,,,,,,,,,,,,,,,,,,,,,,,,,,,,,,,,,,,,,,,,,,,,,,,,,,,,,,,,,,,,,,,,,,,,,,,,,,,,,,,,,,,,,,,,,,,,,,,,,,,,,,,,,,,,,,,,,,,,,,,,,,,,,,,,,,,,,,,,,,,,,,,,,,,,,,,,,,,,,,,,,,,,,,,,,,,,,,,,,,,,,,,,,,,,,,,,,,,,,,,
,,,,,,,,,,,,,,,,,,,,,,,,,,,,,,,,,,,,,,,,,,,,,,,,,,,,,,,,,,,,,,,,,,,,,,,,,,,,,,,,,,,,,,,,,,,,,,,,,,,,,,,,,,,,,,,,,,,,,,,,,,,,,,,,,,,,,,,,,,,,,,,,,,,,,,,,,,,,,,,,,,,,,,,,,,,,,,,,,,,,,,,,,,,,,,,,,,,,,,,,,,,,,,,,,,,,,,,,,,,,,,,,,,,,,,,,,,,,,,,,,,,,,,,,,,,,,,,,,,,,,,,,,,,,,,,,,,,,,,,,,,,,,,,,,,,,,,,,,,,,,,,,,,,,,,,,,,,,,,,,,,,,,,,,,,,,,,,,,,,,,,,,,,,,,,,,,,,,,,,,,,,,,,,,,,,,,,,,,,,,,,,,,,,,,,,,,,,,,,,,,,,,,,,,,,,,,,,,,,,,,,,,,,,,,,,,,,,,,,,,,,,,,,,,,,,,,,,,,,,,,,,,,,,,,,,,,,,,,,,,,,,,,,,,,,,,,,,,,,,,,,,,,,,,,,,,,,,,,,,,,,,,,,,,,,,,,,,,,,,,,,,,,,,,,,,,,,,,,,,,,,,,,,,,,,,,,,,,,,,,,,,,,,,,,,,,,,,,,,,,,,,,,,,,,,,,,,,,,,,,,,,,,,,,,,,,,,,,,,,,,,,,,,,,,,,,,,,,,,,,,,,,,,,,,,,,,,,,,,,,,,,,,,,,,,,,,,,,,,,,,,,,,,,,,,,,,,,,,,,
,,,,,,,,,,,,,,,,,,,,,,,,,,,,,,,,,,,,,,,,,,,,,,,,,,,,,,,,,,,,,,,,,,,,,,,,,,,,,,,,,,,,,,,,,,,,,,,,,,,,,,,,,,,,,,,,,,,,,,,,,,,,,,,,,,,,,,,,,,,,,,,,,,,,,,,,,,,,,,,,,,,,,,,,,,,,,,,,,,,,,,,,,,,,,,,,,,,,,,,,,,,,,,,,,,,,,,,,,,,,,,,,,,,,,,,,,,,,,,,,,,,,,,,,,,,,,,,,,,,,,,,,,,,,,,,,,,,,,,,,,,,,,,,,,,,,,,,,,,,,,,,,,,,,,,,,,,,,,,,,,,,,,,,,,,,,,,,,,,,,,,,,,,,,,,,,,,,,,,,,,,,,,,,,,,,,,,,,,,,,,,,,,,,,,,,,,,,,,,,,,,,,,,,,,,,,,,,,,,,,,,,,,,,,,,,,,,,,,,,,,,,,,,,,,,,,,,,,,,,,,,,,,,,,,,,,,,,,,,,,,,,,,,,,,,,,,,,,,,,,,,,,,,,,,,,,,,,,,,,,,,,,,,,,,,,,,,,,,,,,,,,,,,,,,,,,,,,,,,,,,,,,,,,,,,,,,,,,,,,,,,,,,,,,,,,,,,,,,,,,,,,,,,,,,,,,,,,,,,,,,,,,,,,,,,,,,,,,,,,,,,,,,,,,,,,,,,,,,,,,,,,,,,,,,,,,,,,,,,,,,,,,,,,,,,,,,,,,,,,,,,,,,,,,,,,,,,,,,,,
,,,,,,,,,,,,,,,,,,,,,,,,,,,,,,,,,,,,,,,,,,,,,,,,,,,,,,,,,,,,,,,,,,,,,,,,,,,,,,,,,,,,,,,,,,,,,,,,,,,,,,,,,,,,,,,,,,,,,,,,,,,,,,,,,,,,,,,,,,,,,,,,,,,,,,,,,,,,,,,,,,,,,,,,,,,,,,,,,,,,,,,,,,,,,,,,,,,,,,,,,,,,,,,,,,,,,,,,,,,,,,,,,,,,,,,,,,,,,,,,,,,,,,,,,,,,,,,,,,,,,,,,,,,,,,,,,,,,,,,,,,,,,,,,,,,,,,,,,,,,,,,,,,,,,,,,,,,,,,,,,,,,,,,,,,,,,,,,,,,,,,,,,,,,,,,,,,,,,,,,,,,,,,,,,,,,,,,,,,,,,,,,,,,,,,,,,,,,,,,,,,,,,,,,,,,,,,,,,,,,,,,,,,,,,,,,,,,,,,,,,,,,,,,,,,,,,,,,,,,,,,,,,,,,,,,,,,,,,,,,,,,,,,,,,,,,,,,,,,,,,,,,,,,,,,,,,,,,,,,,,,,,,,,,,,,,,,,,,,,,,,,,,,,,,,,,,,,,,,,,,,,,,,,,,,,,,,,,,,,,,,,,,,,,,,,,,,,,,,,,,,,,,,,,,,,,,,,,,,,,,,,,,,,,,,,,,,,,,,,,,,,,,,,,,,,,,,,,,,,,,,,,,,,,,,,,,,,,,,,,,,,,,,,,,,,,,,,,,,,,,,,,,,,,,,,,,,,,,,,
,,,,,,,,,,,,,,,,,,,,,,,,,,,,,,,,,,,,,,,,,,,,,,,,,,,,,,,,,,,,,,,,,,,,,,,,,,,,,,,,,,,,,,,,,,,,,,,,,,,,,,,,,,,,,,,,,,,,,,,,,,,,,,,,,,,,,,,,,,,,,,,,,,,,,,,,,,,,,,,,,,,,,,,,,,,,,,,,,,,,,,,,,,,,,,,,,,,,,,,,,,,,,,,,,,,,,,,,,,,,,,,,,,,,,,,,,,,,,,,,,,,,,,,,,,,,,,,,,,,,,,,,,,,,,,,,,,,,,,,,,,,,,,,,,,,,,,,,,,,,,,,,,,,,,,,,,,,,,,,,,,,,,,,,,,,,,,,,,,,,,,,,,,,,,,,,,,,,,,,,,,,,,,,,,,,,,,,,,,,,,,,,,,,,,,,,,,,,,,,,,,,,,,,,,,,,,,,,,,,,,,,,,,,,,,,,,,,,,,,,,,,,,,,,,,,,,,,,,,,,,,,,,,,,,,,,,,,,,,,,,,,,,,,,,,,,,,,,,,,,,,,,,,,,,,,,,,,,,,,,,,,,,,,,,,,,,,,,,,,,,,,,,,,,,,,,,,,,,,,,,,,,,,,,,,,,,,,,,,,,,,,,,,,,,,,,,,,,,,,,,,,,,,,,,,,,,,,,,,,,,,,,,,,,,,,,,,,,,,,,,,,,,,,,,,,,,,,,,,,,,,,,,,,,,,,,,,,,,,,,,,,,,,,,,,,,,,,,,,,,,,,,,,,,,,,,,,,,,,,
,,,,,,,,,,,,,,,,,,,,,,,,,,,,,,,,,,,,,,,,,,,,,,,,,,,,,,,,,,,,,,,,,,,,,,,,,,,,,,,,,,,,,,,,,,,,,,,,,,,,,,,,,,,,,,,,,,,,,,,,,,,,,,,,,,,,,,,,,,,,,,,,,,,,,,,,,,,,,,,,,,,,,,,,,,,,,,,,,,,,,,,,,,,,,,,,,,,,,,,,,,,,,,,,,,,,,,,,,,,,,,,,,,,,,,,,,,,,,,,,,,,,,,,,,,,,,,,,,,,,,,,,,,,,,,,,,,,,,,,,,,,,,,,,,,,,,,,,,,,,,,,,,,,,,,,,,,,,,,,,,,,,,,,,,,,,,,,,,,,,,,,,,,,,,,,,,,,,,,,,,,,,,,,,,,,,,,,,,,,,,,,,,,,,,,,,,,,,,,,,,,,,,,,,,,,,,,,,,,,,,,,,,,,,,,,,,,,,,,,,,,,,,,,,,,,,,,,,,,,,,,,,,,,,,,,,,,,,,,,,,,,,,,,,,,,,,,,,,,,,,,,,,,,,,,,,,,,,,,,,,,,,,,,,,,,,,,,,,,,,,,,,,,,,,,,,,,,,,,,,,,,,,,,,,,,,,,,,,,,,,,,,,,,,,,,,,,,,,,,,,,,,,,,,,,,,,,,,,,,,,,,,,,,,,,,,,,,,,,,,,,,,,,,,,,,,,,,,,,,,,,,,,,,,,,,,,,,,,,,,,,,,,,,,,,,,,,,,,,,,,,,,,,,,,,,,,,,,,,,
,,,,,,,,,,,,,,,,,,,,,,,,,,,,,,,,,,,,,,,,,,,,,,,,,,,,,,,,,,,,,,,,,,,,,,,,,,,,,,,,,,,,,,,,,,,,,,,,,,,,,,,,,,,,,,,,,,,,,,,,,,,,,,,,,,,,,,,,,,,,,,,,,,,,,,,,,,,,,,,,,,,,,,,,,,,,,,,,,,,,,,,,,,,,,,,,,,,,,,,,,,,,,,,,,,,,,,,,,,,,,,,,,,,,,,,,,,,,,,,,,,,,,,,,,,,,,,,,,,,,,,,,,,,,,,,,,,,,,,,,,,,,,,,,,,,,,,,,,,,,,,,,,,,,,,,,,,,,,,,,,,,,,,,,,,,,,,,,,,,,,,,,,,,,,,,,,,,,,,,,,,,,,,,,,,,,,,,,,,,,,,,,,,,,,,,,,,,,,,,,,,,,,,,,,,,,,,,,,,,,,,,,,,,,,,,,,,,,,,,,,,,,,,,,,,,,,,,,,,,,,,,,,,,,,,,,,,,,,,,,,,,,,,,,,,,,,,,,,,,,,,,,,,,,,,,,,,,,,,,,,,,,,,,,,,,,,,,,,,,,,,,,,,,,,,,,,,,,,,,,,,,,,,,,,,,,,,,,,,,,,,,,,,,,,,,,,,,,,,,,,,,,,,,,,,,,,,,,,,,,,,,,,,,,,,,,,,,,,,,,,,,,,,,,,,,,,,,,,,,,,,,,,,,,,,,,,,,,,,,,,,,,,,,,,,,,,,,,,,,,,,,,,,,,,,,,,,,,,,,
,,,,,,,,,,,,,,,,,,,,,,,,,,,,,,,,,,,,,,,,,,,,,,,,,,,,,,,,,,,,,,,,,,,,,,,,,,,,,,,,,,,,,,,,,,,,,,,,,,,,,,,,,,,,,,,,,,,,,,,,,,,,,,,,,,,,,,,,,,,,,,,,,,,,,,,,,,,,,,,,,,,,,,,,,,,,,,,,,,,,,,,,,,,,,,,,,,,,,,,,,,,,,,,,,,,,,,,,,,,,,,,,,,,,,,,,,,,,,,,,,,,,,,,,,,,,,,,,,,,,,,,,,,,,,,,,,,,,,,,,,,,,,,,,,,,,,,,,,,,,,,,,,,,,,,,,,,,,,,,,,,,,,,,,,,,,,,,,,,,,,,,,,,,,,,,,,,,,,,,,,,,,,,,,,,,,,,,,,,,,,,,,,,,,,,,,,,,,,,,,,,,,,,,,,,,,,,,,,,,,,,,,,,,,,,,,,,,,,,,,,,,,,,,,,,,,,,,,,,,,,,,,,,,,,,,,,,,,,,,,,,,,,,,,,,,,,,,,,,,,,,,,,,,,,,,,,,,,,,,,,,,,,,,,,,,,,,,,,,,,,,,,,,,,,,,,,,,,,,,,,,,,,,,,,,,,,,,,,,,,,,,,,,,,,,,,,,,,,,,,,,,,,,,,,,,,,,,,,,,,,,,,,,,,,,,,,,,,,,,,,,,,,,,,,,,,,,,,,,,,,,,,,,,,,,,,,,,,,,,,,,,,,,,,,,,,,,,,,,,,,,,,,,,,,,,,,,,,,,,
,,,,,,,,,,,,,,,,,,,,,,,,,,,,,,,,,,,,,,,,,,,,,,,,,,,,,,,,,,,,,,,,,,,,,,,,,,,,,,,,,,,,,,,,,,,,,,,,,,,,,,,,,,,,,,,,,,,,,,,,,,,,,,,,,,,,,,,,,,,,,,,,,,,,,,,,,,,,,,,,,,,,,,,,,,,,,,,,,,,,,,,,,,,,,,,,,,,,,,,,,,,,,,,,,,,,,,,,,,,,,,,,,,,,,,,,,,,,,,,,,,,,,,,,,,,,,,,,,,,,,,,,,,,,,,,,,,,,,,,,,,,,,,,,,,,,,,,,,,,,,,,,,,,,,,,,,,,,,,,,,,,,,,,,,,,,,,,,,,,,,,,,,,,,,,,,,,,,,,,,,,,,,,,,,,,,,,,,,,,,,,,,,,,,,,,,,,,,,,,,,,,,,,,,,,,,,,,,,,,,,,,,,,,,,,,,,,,,,,,,,,,,,,,,,,,,,,,,,,,,,,,,,,,,,,,,,,,,,,,,,,,,,,,,,,,,,,,,,,,,,,,,,,,,,,,,,,,,,,,,,,,,,,,,,,,,,,,,,,,,,,,,,,,,,,,,,,,,,,,,,,,,,,,,,,,,,,,,,,,,,,,,,,,,,,,,,,,,,,,,,,,,,,,,,,,,,,,,,,,,,,,,,,,,,,,,,,,,,,,,,,,,,,,,,,,,,,,,,,,,,,,,,,,,,,,,,,,,,,,,,,,,,,,,,,,,,,,,,,,,,,,,,,,,,,,,,,,,,,,
,,,,,,,,,,,,,,,,,,,,,,,,,,,,,,,,,,,,,,,,,,,,,,,,,,,,,,,,,,,,,,,,,,,,,,,,,,,,,,,,,,,,,,,,,,,,,,,,,,,,,,,,,,,,,,,,,,,,,,,,,,,,,,,,,,,,,,,,,,,,,,,,,,,,,,,,,,,,,,,,,,,,,,,,,,,,,,,,,,,,,,,,,,,,,,,,,,,,,,,,,,,,,,,,,,,,,,,,,,,,,,,,,,,,,,,,,,,,,,,,,,,,,,,,,,,,,,,,,,,,,,,,,,,,,,,,,,,,,,,,,,,,,,,,,,,,,,,,,,,,,,,,,,,,,,,,,,,,,,,,,,,,,,,,,,,,,,,,,,,,,,,,,,,,,,,,,,,,,,,,,,,,,,,,,,,,,,,,,,,,,,,,,,,,,,,,,,,,,,,,,,,,,,,,,,,,,,,,,,,,,,,,,,,,,,,,,,,,,,,,,,,,,,,,,,,,,,,,,,,,,,,,,,,,,,,,,,,,,,,,,,,,,,,,,,,,,,,,,,,,,,,,,,,,,,,,,,,,,,,,,,,,,,,,,,,,,,,,,,,,,,,,,,,,,,,,,,,,,,,,,,,,,,,,,,,,,,,,,,,,,,,,,,,,,,,,,,,,,,,,,,,,,,,,,,,,,,,,,,,,,,,,,,,,,,,,,,,,,,,,,,,,,,,,,,,,,,,,,,,,,,,,,,,,,,,,,,,,,,,,,,,,,,,,,,,,,,,,,,,,,,,,,,,,,,,,,,,,,,,
,,,,,,,,,,,,,,,,,,,,,,,,,,,,,,,,,,,,,,,,,,,,,,,,,,,,,,,,,,,,,,,,,,,,,,,,,,,,,,,,,,,,,,,,,,,,,,,,,,,,,,,,,,,,,,,,,,,,,,,,,,,,,,,,,,,,,,,,,,,,,,,,,,,,,,,,,,,,,,,,,,,,,,,,,,,,,,,,,,,,,,,,,,,,,,,,,,,,,,,,,,,,,,,,,,,,,,,,,,,,,,,,,,,,,,,,,,,,,,,,,,,,,,,,,,,,,,,,,,,,,,,,,,,,,,,,,,,,,,,,,,,,,,,,,,,,,,,,,,,,,,,,,,,,,,,,,,,,,,,,,,,,,,,,,,,,,,,,,,,,,,,,,,,,,,,,,,,,,,,,,,,,,,,,,,,,,,,,,,,,,,,,,,,,,,,,,,,,,,,,,,,,,,,,,,,,,,,,,,,,,,,,,,,,,,,,,,,,,,,,,,,,,,,,,,,,,,,,,,,,,,,,,,,,,,,,,,,,,,,,,,,,,,,,,,,,,,,,,,,,,,,,,,,,,,,,,,,,,,,,,,,,,,,,,,,,,,,,,,,,,,,,,,,,,,,,,,,,,,,,,,,,,,,,,,,,,,,,,,,,,,,,,,,,,,,,,,,,,,,,,,,,,,,,,,,,,,,,,,,,,,,,,,,,,,,,,,,,,,,,,,,,,,,,,,,,,,,,,,,,,,,,,,,,,,,,,,,,,,,,,,,,,,,,,,,,,,,,,,,,,,,,,,,,,,,,,,,,,,,
,,,,,,,,,,,,,,,,,,,,,,,,,,,,,,,,,,,,,,,,,,,,,,,,,,,,,,,,,,,,,,,,,,,,,,,,,,,,,,,,,,,,,,,,,,,,,,,,,,,,,,,,,,,,,,,,,,,,,,,,,,,,,,,,,,,,,,,,,,,,,,,,,,,,,,,,,,,,,,,,,,,,,,,,,,,,,,,,,,,,,,,,,,,,,,,,,,,,,,,,,,,,,,,,,,,,,,,,,,,,,,,,,,,,,,,,,,,,,,,,,,,,,,,,,,,,,,,,,,,,,,,,,,,,,,,,,,,,,,,,,,,,,,,,,,,,,,,,,,,,,,,,,,,,,,,,,,,,,,,,,,,,,,,,,,,,,,,,,,,,,,,,,,,,,,,,,,,,,,,,,,,,,,,,,,,,,,,,,,,,,,,,,,,,,,,,,,,,,,,,,,,,,,,,,,,,,,,,,,,,,,,,,,,,,,,,,,,,,,,,,,,,,,,,,,,,,,,,,,,,,,,,,,,,,,,,,,,,,,,,,,,,,,,,,,,,,,,,,,,,,,,,,,,,,,,,,,,,,,,,,,,,,,,,,,,,,,,,,,,,,,,,,,,,,,,,,,,,,,,,,,,,,,,,,,,,,,,,,,,,,,,,,,,,,,,,,,,,,,,,,,,,,,,,,,,,,,,,,,,,,,,,,,,,,,,,,,,,,,,,,,,,,,,,,,,,,,,,,,,,,,,,,,,,,,,,,,,,,,,,,,,,,,,,,,,,,,,,,,,,,,,,,,,,,,,,,,,,,,,
,,,,,,,,,,,,,,,,,,,,,,,,,,,,,,,,,,,,,,,,,,,,,,,,,,,,,,,,,,,,,,,,,,,,,,,,,,,,,,,,,,,,,,,,,,,,,,,,,,,,,,,,,,,,,,,,,,,,,,,,,,,,,,,,,,,,,,,,,,,,,,,,,,,,,,,,,,,,,,,,,,,,,,,,,,,,,,,,,,,,,,,,,,,,,,,,,,,,,,,,,,,,,,,,,,,,,,,,,,,,,,,,,,,,,,,,,,,,,,,,,,,,,,,,,,,,,,,,,,,,,,,,,,,,,,,,,,,,,,,,,,,,,,,,,,,,,,,,,,,,,,,,,,,,,,,,,,,,,,,,,,,,,,,,,,,,,,,,,,,,,,,,,,,,,,,,,,,,,,,,,,,,,,,,,,,,,,,,,,,,,,,,,,,,,,,,,,,,,,,,,,,,,,,,,,,,,,,,,,,,,,,,,,,,,,,,,,,,,,,,,,,,,,,,,,,,,,,,,,,,,,,,,,,,,,,,,,,,,,,,,,,,,,,,,,,,,,,,,,,,,,,,,,,,,,,,,,,,,,,,,,,,,,,,,,,,,,,,,,,,,,,,,,,,,,,,,,,,,,,,,,,,,,,,,,,,,,,,,,,,,,,,,,,,,,,,,,,,,,,,,,,,,,,,,,,,,,,,,,,,,,,,,,,,,,,,,,,,,,,,,,,,,,,,,,,,,,,,,,,,,,,,,,,,,,,,,,,,,,,,,,,,,,,,,,,,,,,,,,,,,,,,,,,,,,,,,,,,,,,
,,,,,,,,,,,,,,,,,,,,,,,,,,,,,,,,,,,,,,,,,,,,,,,,,,,,,,,,,,,,,,,,,,,,,,,,,,,,,,,,,,,,,,,,,,,,,,,,,,,,,,,,,,,,,,,,,,,,,,,,,,,,,,,,,,,,,,,,,,,,,,,,,,,,,,,,,,,,,,,,,,,,,,,,,,,,,,,,,,,,,,,,,,,,,,,,,,,,,,,,,,,,,,,,,,,,,,,,,,,,,,,,,,,,,,,,,,,,,,,,,,,,,,,,,,,,,,,,,,,,,,,,,,,,,,,,,,,,,,,,,,,,,,,,,,,,,,,,,,,,,,,,,,,,,,,,,,,,,,,,,,,,,,,,,,,,,,,,,,,,,,,,,,,,,,,,,,,,,,,,,,,,,,,,,,,,,,,,,,,,,,,,,,,,,,,,,,,,,,,,,,,,,,,,,,,,,,,,,,,,,,,,,,,,,,,,,,,,,,,,,,,,,,,,,,,,,,,,,,,,,,,,,,,,,,,,,,,,,,,,,,,,,,,,,,,,,,,,,,,,,,,,,,,,,,,,,,,,,,,,,,,,,,,,,,,,,,,,,,,,,,,,,,,,,,,,,,,,,,,,,,,,,,,,,,,,,,,,,,,,,,,,,,,,,,,,,,,,,,,,,,,,,,,,,,,,,,,,,,,,,,,,,,,,,,,,,,,,,,,,,,,,,,,,,,,,,,,,,,,,,,,,,,,,,,,,,,,,,,,,,,,,,,,,,,,,,,,,,,,,,,,,,,,,,,,,,,,,,,,
,,,,,,,,,,,,,,,,,,,,,,,,,,,,,,,,,,,,,,,,,,,,,,,,,,,,,,,,,,,,,,,,,,,,,,,,,,,,,,,,,,,,,,,,,,,,,,,,,,,,,,,,,,,,,,,,,,,,,,,,,,,,,,,,,,,,,,,,,,,,,,,,,,,,,,,,,,,,,,,,,,,,,,,,,,,,,,,,,,,,,,,,,,,,,,,,,,,,,,,,,,,,,,,,,,,,,,,,,,,,,,,,,,,,,,,,,,,,,,,,,,,,,,,,,,,,,,,,,,,,,,,,,,,,,,,,,,,,,,,,,,,,,,,,,,,,,,,,,,,,,,,,,,,,,,,,,,,,,,,,,,,,,,,,,,,,,,,,,,,,,,,,,,,,,,,,,,,,,,,,,,,,,,,,,,,,,,,,,,,,,,,,,,,,,,,,,,,,,,,,,,,,,,,,,,,,,,,,,,,,,,,,,,,,,,,,,,,,,,,,,,,,,,,,,,,,,,,,,,,,,,,,,,,,,,,,,,,,,,,,,,,,,,,,,,,,,,,,,,,,,,,,,,,,,,,,,,,,,,,,,,,,,,,,,,,,,,,,,,,,,,,,,,,,,,,,,,,,,,,,,,,,,,,,,,,,,,,,,,,,,,,,,,,,,,,,,,,,,,,,,,,,,,,,,,,,,,,,,,,,,,,,,,,,,,,,,,,,,,,,,,,,,,,,,,,,,,,,,,,,,,,,,,,,,,,,,,,,,,,,,,,,,,,,,,,,,,,,,,,,,,,,,,,,,,,,,,,,,,,
,,,,,,,,,,,,,,,,,,,,,,,,,,,,,,,,,,,,,,,,,,,,,,,,,,,,,,,,,,,,,,,,,,,,,,,,,,,,,,,,,,,,,,,,,,,,,,,,,,,,,,,,,,,,,,,,,,,,,,,,,,,,,,,,,,,,,,,,,,,,,,,,,,,,,,,,,,,,,,,,,,,,,,,,,,,,,,,,,,,,,,,,,,,,,,,,,,,,,,,,,,,,,,,,,,,,,,,,,,,,,,,,,,,,,,,,,,,,,,,,,,,,,,,,,,,,,,,,,,,,,,,,,,,,,,,,,,,,,,,,,,,,,,,,,,,,,,,,,,,,,,,,,,,,,,,,,,,,,,,,,,,,,,,,,,,,,,,,,,,,,,,,,,,,,,,,,,,,,,,,,,,,,,,,,,,,,,,,,,,,,,,,,,,,,,,,,,,,,,,,,,,,,,,,,,,,,,,,,,,,,,,,,,,,,,,,,,,,,,,,,,,,,,,,,,,,,,,,,,,,,,,,,,,,,,,,,,,,,,,,,,,,,,,,,,,,,,,,,,,,,,,,,,,,,,,,,,,,,,,,,,,,,,,,,,,,,,,,,,,,,,,,,,,,,,,,,,,,,,,,,,,,,,,,,,,,,,,,,,,,,,,,,,,,,,,,,,,,,,,,,,,,,,,,,,,,,,,,,,,,,,,,,,,,,,,,,,,,,,,,,,,,,,,,,,,,,,,,,,,,,,,,,,,,,,,,,,,,,,,,,,,,,,,,,,,,,,,,,,,,,,,,,,,,,,,,,,,,,,,
,,,,,,,,,,,,,,,,,,,,,,,,,,,,,,,,,,,,,,,,,,,,,,,,,,,,,,,,,,,,,,,,,,,,,,,,,,,,,,,,,,,,,,,,,,,,,,,,,,,,,,,,,,,,,,,,,,,,,,,,,,,,,,,,,,,,,,,,,,,,,,,,,,,,,,,,,,,,,,,,,,,,,,,,,,,,,,,,,,,,,,,,,,,,,,,,,,,,,,,,,,,,,,,,,,,,,,,,,,,,,,,,,,,,,,,,,,,,,,,,,,,,,,,,,,,,,,,,,,,,,,,,,,,,,,,,,,,,,,,,,,,,,,,,,,,,,,,,,,,,,,,,,,,,,,,,,,,,,,,,,,,,,,,,,,,,,,,,,,,,,,,,,,,,,,,,,,,,,,,,,,,,,,,,,,,,,,,,,,,,,,,,,,,,,,,,,,,,,,,,,,,,,,,,,,,,,,,,,,,,,,,,,,,,,,,,,,,,,,,,,,,,,,,,,,,,,,,,,,,,,,,,,,,,,,,,,,,,,,,,,,,,,,,,,,,,,,,,,,,,,,,,,,,,,,,,,,,,,,,,,,,,,,,,,,,,,,,,,,,,,,,,,,,,,,,,,,,,,,,,,,,,,,,,,,,,,,,,,,,,,,,,,,,,,,,,,,,,,,,,,,,,,,,,,,,,,,,,,,,,,,,,,,,,,,,,,,,,,,,,,,,,,,,,,,,,,,,,,,,,,,,,,,,,,,,,,,,,,,,,,,,,,,,,,,,,,,,,,,,,,,,,,,,,,,,,,,,,,,,
,,,,,,,,,,,,,,,,,,,,,,,,,,,,,,,,,,,,,,,,,,,,,,,,,,,,,,,,,,,,,,,,,,,,,,,,,,,,,,,,,,,,,,,,,,,,,,,,,,,,,,,,,,,,,,,,,,,,,,,,,,,,,,,,,,,,,,,,,,,,,,,,,,,,,,,,,,,,,,,,,,,,,,,,,,,,,,,,,,,,,,,,,,,,,,,,,,,,,,,,,,,,,,,,,,,,,,,,,,,,,,,,,,,,,,,,,,,,,,,,,,,,,,,,,,,,,,,,,,,,,,,,,,,,,,,,,,,,,,,,,,,,,,,,,,,,,,,,,,,,,,,,,,,,,,,,,,,,,,,,,,,,,,,,,,,,,,,,,,,,,,,,,,,,,,,,,,,,,,,,,,,,,,,,,,,,,,,,,,,,,,,,,,,,,,,,,,,,,,,,,,,,,,,,,,,,,,,,,,,,,,,,,,,,,,,,,,,,,,,,,,,,,,,,,,,,,,,,,,,,,,,,,,,,,,,,,,,,,,,,,,,,,,,,,,,,,,,,,,,,,,,,,,,,,,,,,,,,,,,,,,,,,,,,,,,,,,,,,,,,,,,,,,,,,,,,,,,,,,,,,,,,,,,,,,,,,,,,,,,,,,,,,,,,,,,,,,,,,,,,,,,,,,,,,,,,,,,,,,,,,,,,,,,,,,,,,,,,,,,,,,,,,,,,,,,,,,,,,,,,,,,,,,,,,,,,,,,,,,,,,,,,,,,,,,,,,,,,,,,,,,,,,,,,,,,,,,,,,,,
,,,,,,,,,,,,,,,,,,,,,,,,,,,,,,,,,,,,,,,,,,,,,,,,,,,,,,,,,,,,,,,,,,,,,,,,,,,,,,,,,,,,,,,,,,,,,,,,,,,,,,,,,,,,,,,,,,,,,,,,,,,,,,,,,,,,,,,,,,,,,,,,,,,,,,,,,,,,,,,,,,,,,,,,,,,,,,,,,,,,,,,,,,,,,,,,,,,,,,,,,,,,,,,,,,,,,,,,,,,,,,,,,,,,,,,,,,,,,,,,,,,,,,,,,,,,,,,,,,,,,,,,,,,,,,,,,,,,,,,,,,,,,,,,,,,,,,,,,,,,,,,,,,,,,,,,,,,,,,,,,,,,,,,,,,,,,,,,,,,,,,,,,,,,,,,,,,,,,,,,,,,,,,,,,,,,,,,,,,,,,,,,,,,,,,,,,,,,,,,,,,,,,,,,,,,,,,,,,,,,,,,,,,,,,,,,,,,,,,,,,,,,,,,,,,,,,,,,,,,,,,,,,,,,,,,,,,,,,,,,,,,,,,,,,,,,,,,,,,,,,,,,,,,,,,,,,,,,,,,,,,,,,,,,,,,,,,,,,,,,,,,,,,,,,,,,,,,,,,,,,,,,,,,,,,,,,,,,,,,,,,,,,,,,,,,,,,,,,,,,,,,,,,,,,,,,,,,,,,,,,,,,,,,,,,,,,,,,,,,,,,,,,,,,,,,,,,,,,,,,,,,,,,,,,,,,,,,,,,,,,,,,,,,,,,,,,,,,,,,,,,,,,,,,,,,,,,,,,,,
,,,,,,,,,,,,,,,,,,,,,,,,,,,,,,,,,,,,,,,,,,,,,,,,,,,,,,,,,,,,,,,,,,,,,,,,,,,,,,,,,,,,,,,,,,,,,,,,,,,,,,,,,,,,,,,,,,,,,,,,,,,,,,,,,,,,,,,,,,,,,,,,,,,,,,,,,,,,,,,,,,,,,,,,,,,,,,,,,,,,,,,,,,,,,,,,,,,,,,,,,,,,,,,,,,,,,,,,,,,,,,,,,,,,,,,,,,,,,,,,,,,,,,,,,,,,,,,,,,,,,,,,,,,,,,,,,,,,,,,,,,,,,,,,,,,,,,,,,,,,,,,,,,,,,,,,,,,,,,,,,,,,,,,,,,,,,,,,,,,,,,,,,,,,,,,,,,,,,,,,,,,,,,,,,,,,,,,,,,,,,,,,,,,,,,,,,,,,,,,,,,,,,,,,,,,,,,,,,,,,,,,,,,,,,,,,,,,,,,,,,,,,,,,,,,,,,,,,,,,,,,,,,,,,,,,,,,,,,,,,,,,,,,,,,,,,,,,,,,,,,,,,,,,,,,,,,,,,,,,,,,,,,,,,,,,,,,,,,,,,,,,,,,,,,,,,,,,,,,,,,,,,,,,,,,,,,,,,,,,,,,,,,,,,,,,,,,,,,,,,,,,,,,,,,,,,,,,,,,,,,,,,,,,,,,,,,,,,,,,,,,,,,,,,,,,,,,,,,,,,,,,,,,,,,,,,,,,,,,,,,,,,,,,,,,,,,,,,,,,,,,,,,,,,,,,,,,,,,,,
,,,,,,,,,,,,,,,,,,,,,,,,,,,,,,,,,,,,,,,,,,,,,,,,,,,,,,,,,,,,,,,,,,,,,,,,,,,,,,,,,,,,,,,,,,,,,,,,,,,,,,,,,,,,,,,,,,,,,,,,,,,,,,,,,,,,,,,,,,,,,,,,,,,,,,,,,,,,,,,,,,,,,,,,,,,,,,,,,,,,,,,,,,,,,,,,,,,,,,,,,,,,,,,,,,,,,,,,,,,,,,,,,,,,,,,,,,,,,,,,,,,,,,,,,,,,,,,,,,,,,,,,,,,,,,,,,,,,,,,,,,,,,,,,,,,,,,,,,,,,,,,,,,,,,,,,,,,,,,,,,,,,,,,,,,,,,,,,,,,,,,,,,,,,,,,,,,,,,,,,,,,,,,,,,,,,,,,,,,,,,,,,,,,,,,,,,,,,,,,,,,,,,,,,,,,,,,,,,,,,,,,,,,,,,,,,,,,,,,,,,,,,,,,,,,,,,,,,,,,,,,,,,,,,,,,,,,,,,,,,,,,,,,,,,,,,,,,,,,,,,,,,,,,,,,,,,,,,,,,,,,,,,,,,,,,,,,,,,,,,,,,,,,,,,,,,,,,,,,,,,,,,,,,,,,,,,,,,,,,,,,,,,,,,,,,,,,,,,,,,,,,,,,,,,,,,,,,,,,,,,,,,,,,,,,,,,,,,,,,,,,,,,,,,,,,,,,,,,,,,,,,,,,,,,,,,,,,,,,,,,,,,,,,,,,,,,,,,,,,,,,,,,,,,,,,,,,,,,,,
,,,,,,,,,,,,,,,,,,,,,,,,,,,,,,,,,,,,,,,,,,,,,,,,,,,,,,,,,,,,,,,,,,,,,,,,,,,,,,,,,,,,,,,,,,,,,,,,,,,,,,,,,,,,,,,,,,,,,,,,,,,,,,,,,,,,,,,,,,,,,,,,,,,,,,,,,,,,,,,,,,,,,,,,,,,,,,,,,,,,,,,,,,,,,,,,,,,,,,,,,,,,,,,,,,,,,,,,,,,,,,,,,,,,,,,,,,,,,,,,,,,,,,,,,,,,,,,,,,,,,,,,,,,,,,,,,,,,,,,,,,,,,,,,,,,,,,,,,,,,,,,,,,,,,,,,,,,,,,,,,,,,,,,,,,,,,,,,,,,,,,,,,,,,,,,,,,,,,,,,,,,,,,,,,,,,,,,,,,,,,,,,,,,,,,,,,,,,,,,,,,,,,,,,,,,,,,,,,,,,,,,,,,,,,,,,,,,,,,,,,,,,,,,,,,,,,,,,,,,,,,,,,,,,,,,,,,,,,,,,,,,,,,,,,,,,,,,,,,,,,,,,,,,,,,,,,,,,,,,,,,,,,,,,,,,,,,,,,,,,,,,,,,,,,,,,,,,,,,,,,,,,,,,,,,,,,,,,,,,,,,,,,,,,,,,,,,,,,,,,,,,,,,,,,,,,,,,,,,,,,,,,,,,,,,,,,,,,,,,,,,,,,,,,,,,,,,,,,,,,,,,,,,,,,,,,,,,,,,,,,,,,,,,,,,,,,,,,,,,,,,,,,,,,,,,,,,,,,,,
,,,,,,,,,,,,,,,,,,,,,,,,,,,,,,,,,,,,,,,,,,,,,,,,,,,,,,,,,,,,,,,,,,,,,,,,,,,,,,,,,,,,,,,,,,,,,,,,,,,,,,,,,,,,,,,,,,,,,,,,,,,,,,,,,,,,,,,,,,,,,,,,,,,,,,,,,,,,,,,,,,,,,,,,,,,,,,,,,,,,,,,,,,,,,,,,,,,,,,,,,,,,,,,,,,,,,,,,,,,,,,,,,,,,,,,,,,,,,,,,,,,,,,,,,,,,,,,,,,,,,,,,,,,,,,,,,,,,,,,,,,,,,,,,,,,,,,,,,,,,,,,,,,,,,,,,,,,,,,,,,,,,,,,,,,,,,,,,,,,,,,,,,,,,,,,,,,,,,,,,,,,,,,,,,,,,,,,,,,,,,,,,,,,,,,,,,,,,,,,,,,,,,,,,,,,,,,,,,,,,,,,,,,,,,,,,,,,,,,,,,,,,,,,,,,,,,,,,,,,,,,,,,,,,,,,,,,,,,,,,,,,,,,,,,,,,,,,,,,,,,,,,,,,,,,,,,,,,,,,,,,,,,,,,,,,,,,,,,,,,,,,,,,,,,,,,,,,,,,,,,,,,,,,,,,,,,,,,,,,,,,,,,,,,,,,,,,,,,,,,,,,,,,,,,,,,,,,,,,,,,,,,,,,,,,,,,,,,,,,,,,,,,,,,,,,,,,,,,,,,,,,,,,,,,,,,,,,,,,,,,,,,,,,,,,,,,,,,,,,,,,,,,,,,,,,,,,,,,,,
,,,,,,,,,,,,,,,,,,,,,,,,,,,,,,,,,,,,,,,,,,,,,,,,,,,,,,,,,,,,,,,,,,,,,,,,,,,,,,,,,,,,,,,,,,,,,,,,,,,,,,,,,,,,,,,,,,,,,,,,,,,,,,,,,,,,,,,,,,,,,,,,,,,,,,,,,,,,,,,,,,,,,,,,,,,,,,,,,,,,,,,,,,,,,,,,,,,,,,,,,,,,,,,,,,,,,,,,,,,,,,,,,,,,,,,,,,,,,,,,,,,,,,,,,,,,,,,,,,,,,,,,,,,,,,,,,,,,,,,,,,,,,,,,,,,,,,,,,,,,,,,,,,,,,,,,,,,,,,,,,,,,,,,,,,,,,,,,,,,,,,,,,,,,,,,,,,,,,,,,,,,,,,,,,,,,,,,,,,,,,,,,,,,,,,,,,,,,,,,,,,,,,,,,,,,,,,,,,,,,,,,,,,,,,,,,,,,,,,,,,,,,,,,,,,,,,,,,,,,,,,,,,,,,,,,,,,,,,,,,,,,,,,,,,,,,,,,,,,,,,,,,,,,,,,,,,,,,,,,,,,,,,,,,,,,,,,,,,,,,,,,,,,,,,,,,,,,,,,,,,,,,,,,,,,,,,,,,,,,,,,,,,,,,,,,,,,,,,,,,,,,,,,,,,,,,,,,,,,,,,,,,,,,,,,,,,,,,,,,,,,,,,,,,,,,,,,,,,,,,,,,,,,,,,,,,,,,,,,,,,,,,,,,,,,,,,,,,,,,,,,,,,,,,,,,,,,,,,,,
,,,,,,,,,,,,,,,,,,,,,,,,,,,,,,,,,,,,,,,,,,,,,,,,,,,,,,,,,,,,,,,,,,,,,,,,,,,,,,,,,,,,,,,,,,,,,,,,,,,,,,,,,,,,,,,,,,,,,,,,,,,,,,,,,,,,,,,,,,,,,,,,,,,,,,,,,,,,,,,,,,,,,,,,,,,,,,,,,,,,,,,,,,,,,,,,,,,,,,,,,,,,,,,,,,,,,,,,,,,,,,,,,,,,,,,,,,,,,,,,,,,,,,,,,,,,,,,,,,,,,,,,,,,,,,,,,,,,,,,,,,,,,,,,,,,,,,,,,,,,,,,,,,,,,,,,,,,,,,,,,,,,,,,,,,,,,,,,,,,,,,,,,,,,,,,,,,,,,,,,,,,,,,,,,,,,,,,,,,,,,,,,,,,,,,,,,,,,,,,,,,,,,,,,,,,,,,,,,,,,,,,,,,,,,,,,,,,,,,,,,,,,,,,,,,,,,,,,,,,,,,,,,,,,,,,,,,,,,,,,,,,,,,,,,,,,,,,,,,,,,,,,,,,,,,,,,,,,,,,,,,,,,,,,,,,,,,,,,,,,,,,,,,,,,,,,,,,,,,,,,,,,,,,,,,,,,,,,,,,,,,,,,,,,,,,,,,,,,,,,,,,,,,,,,,,,,,,,,,,,,,,,,,,,,,,,,,,,,,,,,,,,,,,,,,,,,,,,,,,,,,,,,,,,,,,,,,,,,,,,,,,,,,,,,,,,,,,,,,,,,,,,,,,,,,,,,,,,,,,
,,,,,,,,,,,,,,,,,,,,,,,,,,,,,,,,,,,,,,,,,,,,,,,,,,,,,,,,,,,,,,,,,,,,,,,,,,,,,,,,,,,,,,,,,,,,,,,,,,,,,,,,,,,,,,,,,,,,,,,,,,,,,,,,,,,,,,,,,,,,,,,,,,,,,,,,,,,,,,,,,,,,,,,,,,,,,,,,,,,,,,,,,,,,,,,,,,,,,,,,,,,,,,,,,,,,,,,,,,,,,,,,,,,,,,,,,,,,,,,,,,,,,,,,,,,,,,,,,,,,,,,,,,,,,,,,,,,,,,,,,,,,,,,,,,,,,,,,,,,,,,,,,,,,,,,,,,,,,,,,,,,,,,,,,,,,,,,,,,,,,,,,,,,,,,,,,,,,,,,,,,,,,,,,,,,,,,,,,,,,,,,,,,,,,,,,,,,,,,,,,,,,,,,,,,,,,,,,,,,,,,,,,,,,,,,,,,,,,,,,,,,,,,,,,,,,,,,,,,,,,,,,,,,,,,,,,,,,,,,,,,,,,,,,,,,,,,,,,,,,,,,,,,,,,,,,,,,,,,,,,,,,,,,,,,,,,,,,,,,,,,,,,,,,,,,,,,,,,,,,,,,,,,,,,,,,,,,,,,,,,,,,,,,,,,,,,,,,,,,,,,,,,,,,,,,,,,,,,,,,,,,,,,,,,,,,,,,,,,,,,,,,,,,,,,,,,,,,,,,,,,,,,,,,,,,,,,,,,,,,,,,,,,,,,,,,,,,,,,,,,,,,,,,,,,,,,,,,,,,
,,,,,,,,,,,,,,,,,,,,,,,,,,,,,,,,,,,,,,,,,,,,,,,,,,,,,,,,,,,,,,,,,,,,,,,,,,,,,,,,,,,,,,,,,,,,,,,,,,,,,,,,,,,,,,,,,,,,,,,,,,,,,,,,,,,,,,,,,,,,,,,,,,,,,,,,,,,,,,,,,,,,,,,,,,,,,,,,,,,,,,,,,,,,,,,,,,,,,,,,,,,,,,,,,,,,,,,,,,,,,,,,,,,,,,,,,,,,,,,,,,,,,,,,,,,,,,,,,,,,,,,,,,,,,,,,,,,,,,,,,,,,,,,,,,,,,,,,,,,,,,,,,,,,,,,,,,,,,,,,,,,,,,,,,,,,,,,,,,,,,,,,,,,,,,,,,,,,,,,,,,,,,,,,,,,,,,,,,,,,,,,,,,,,,,,,,,,,,,,,,,,,,,,,,,,,,,,,,,,,,,,,,,,,,,,,,,,,,,,,,,,,,,,,,,,,,,,,,,,,,,,,,,,,,,,,,,,,,,,,,,,,,,,,,,,,,,,,,,,,,,,,,,,,,,,,,,,,,,,,,,,,,,,,,,,,,,,,,,,,,,,,,,,,,,,,,,,,,,,,,,,,,,,,,,,,,,,,,,,,,,,,,,,,,,,,,,,,,,,,,,,,,,,,,,,,,,,,,,,,,,,,,,,,,,,,,,,,,,,,,,,,,,,,,,,,,,,,,,,,,,,,,,,,,,,,,,,,,,,,,,,,,,,,,,,,,,,,,,,,,,,,,,,,,,,,,,,,,,,
,,,,,,,,,,,,,,,,,,,,,,,,,,,,,,,,,,,,,,,,,,,,,,,,,,,,,,,,,,,,,,,,,,,,,,,,,,,,,,,,,,,,,,,,,,,,,,,,,,,,,,,,,,,,,,,,,,,,,,,,,,,,,,,,,,,,,,,,,,,,,,,,,,,,,,,,,,,,,,,,,,,,,,,,,,,,,,,,,,,,,,,,,,,,,,,,,,,,,,,,,,,,,,,,,,,,,,,,,,,,,,,,,,,,,,,,,,,,,,,,,,,,,,,,,,,,,,,,,,,,,,,,,,,,,,,,,,,,,,,,,,,,,,,,,,,,,,,,,,,,,,,,,,,,,,,,,,,,,,,,,,,,,,,,,,,,,,,,,,,,,,,,,,,,,,,,,,,,,,,,,,,,,,,,,,,,,,,,,,,,,,,,,,,,,,,,,,,,,,,,,,,,,,,,,,,,,,,,,,,,,,,,,,,,,,,,,,,,,,,,,,,,,,,,,,,,,,,,,,,,,,,,,,,,,,,,,,,,,,,,,,,,,,,,,,,,,,,,,,,,,,,,,,,,,,,,,,,,,,,,,,,,,,,,,,,,,,,,,,,,,,,,,,,,,,,,,,,,,,,,,,,,,,,,,,,,,,,,,,,,,,,,,,,,,,,,,,,,,,,,,,,,,,,,,,,,,,,,,,,,,,,,,,,,,,,,,,,,,,,,,,,,,,,,,,,,,,,,,,,,,,,,,,,,,,,,,,,,,,,,,,,,,,,,,,,,,,,,,,,,,,,,,,,,,,,,,,,,,,,
,,,,,,,,,,,,,,,,,,,,,,,,,,,,,,,,,,,,,,,,,,,,,,,,,,,,,,,,,,,,,,,,,,,,,,,,,,,,,,,,,,,,,,,,,,,,,,,,,,,,,,,,,,,,,,,,,,,,,,,,,,,,,,,,,,,,,,,,,,,,,,,,,,,,,,,,,,,,,,,,,,,,,,,,,,,,,,,,,,,,,,,,,,,,,,,,,,,,,,,,,,,,,,,,,,,,,,,,,,,,,,,,,,,,,,,,,,,,,,,,,,,,,,,,,,,,,,,,,,,,,,,,,,,,,,,,,,,,,,,,,,,,,,,,,,,,,,,,,,,,,,,,,,,,,,,,,,,,,,,,,,,,,,,,,,,,,,,,,,,,,,,,,,,,,,,,,,,,,,,,,,,,,,,,,,,,,,,,,,,,,,,,,,,,,,,,,,,,,,,,,,,,,,,,,,,,,,,,,,,,,,,,,,,,,,,,,,,,,,,,,,,,,,,,,,,,,,,,,,,,,,,,,,,,,,,,,,,,,,,,,,,,,,,,,,,,,,,,,,,,,,,,,,,,,,,,,,,,,,,,,,,,,,,,,,,,,,,,,,,,,,,,,,,,,,,,,,,,,,,,,,,,,,,,,,,,,,,,,,,,,,,,,,,,,,,,,,,,,,,,,,,,,,,,,,,,,,,,,,,,,,,,,,,,,,,,,,,,,,,,,,,,,,,,,,,,,,,,,,,,,,,,,,,,,,,,,,,,,,,,,,,,,,,,,,,,,,,,,,,,,,,,,,,,,,,,,,,,,,,
,,,,,,,,,,,,,,,,,,,,,,,,,,,,,,,,,,,,,,,,,,,,,,,,,,,,,,,,,,,,,,,,,,,,,,,,,,,,,,,,,,,,,,,,,,,,,,,,,,,,,,,,,,,,,,,,,,,,,,,,,,,,,,,,,,,,,,,,,,,,,,,,,,,,,,,,,,,,,,,,,,,,,,,,,,,,,,,,,,,,,,,,,,,,,,,,,,,,,,,,,,,,,,,,,,,,,,,,,,,,,,,,,,,,,,,,,,,,,,,,,,,,,,,,,,,,,,,,,,,,,,,,,,,,,,,,,,,,,,,,,,,,,,,,,,,,,,,,,,,,,,,,,,,,,,,,,,,,,,,,,,,,,,,,,,,,,,,,,,,,,,,,,,,,,,,,,,,,,,,,,,,,,,,,,,,,,,,,,,,,,,,,,,,,,,,,,,,,,,,,,,,,,,,,,,,,,,,,,,,,,,,,,,,,,,,,,,,,,,,,,,,,,,,,,,,,,,,,,,,,,,,,,,,,,,,,,,,,,,,,,,,,,,,,,,,,,,,,,,,,,,,,,,,,,,,,,,,,,,,,,,,,,,,,,,,,,,,,,,,,,,,,,,,,,,,,,,,,,,,,,,,,,,,,,,,,,,,,,,,,,,,,,,,,,,,,,,,,,,,,,,,,,,,,,,,,,,,,,,,,,,,,,,,,,,,,,,,,,,,,,,,,,,,,,,,,,,,,,,,,,,,,,,,,,,,,,,,,,,,,,,,,,,,,,,,,,,,,,,,,,,,,,,,,,,,,,,,,,,,
,,,,,,,,,,,,,,,,,,,,,,,,,,,,,,,,,,,,,,,,,,,,,,,,,,,,,,,,,,,,,,,,,,,,,,,,,,,,,,,,,,,,,,,,,,,,,,,,,,,,,,,,,,,,,,,,,,,,,,,,,,,,,,,,,,,,,,,,,,,,,,,,,,,,,,,,,,,,,,,,,,,,,,,,,,,,,,,,,,,,,,,,,,,,,,,,,,,,,,,,,,,,,,,,,,,,,,,,,,,,,,,,,,,,,,,,,,,,,,,,,,,,,,,,,,,,,,,,,,,,,,,,,,,,,,,,,,,,,,,,,,,,,,,,,,,,,,,,,,,,,,,,,,,,,,,,,,,,,,,,,,,,,,,,,,,,,,,,,,,,,,,,,,,,,,,,,,,,,,,,,,,,,,,,,,,,,,,,,,,,,,,,,,,,,,,,,,,,,,,,,,,,,,,,,,,,,,,,,,,,,,,,,,,,,,,,,,,,,,,,,,,,,,,,,,,,,,,,,,,,,,,,,,,,,,,,,,,,,,,,,,,,,,,,,,,,,,,,,,,,,,,,,,,,,,,,,,,,,,,,,,,,,,,,,,,,,,,,,,,,,,,,,,,,,,,,,,,,,,,,,,,,,,,,,,,,,,,,,,,,,,,,,,,,,,,,,,,,,,,,,,,,,,,,,,,,,,,,,,,,,,,,,,,,,,,,,,,,,,,,,,,,,,,,,,,,,,,,,,,,,,,,,,,,,,,,,,,,,,,,,,,,,,,,,,,,,,,,,,,,,,,,,,,,,,,,,,,,,,,
,,,,,,,,,,,,,,,,,,,,,,,,,,,,,,,,,,,,,,,,,,,,,,,,,,,,,,,,,,,,,,,,,,,,,,,,,,,,,,,,,,,,,,,,,,,,,,,,,,,,,,,,,,,,,,,,,,,,,,,,,,,,,,,,,,,,,,,,,,,,,,,,,,,,,,,,,,,,,,,,,,,,,,,,,,,,,,,,,,,,,,,,,,,,,,,,,,,,,,,,,,,,,,,,,,,,,,,,,,,,,,,,,,,,,,,,,,,,,,,,,,,,,,,,,,,,,,,,,,,,,,,,,,,,,,,,,,,,,,,,,,,,,,,,,,,,,,,,,,,,,,,,,,,,,,,,,,,,,,,,,,,,,,,,,,,,,,,,,,,,,,,,,,,,,,,,,,,,,,,,,,,,,,,,,,,,,,,,,,,,,,,,,,,,,,,,,,,,,,,,,,,,,,,,,,,,,,,,,,,,,,,,,,,,,,,,,,,,,,,,,,,,,,,,,,,,,,,,,,,,,,,,,,,,,,,,,,,,,,,,,,,,,,,,,,,,,,,,,,,,,,,,,,,,,,,,,,,,,,,,,,,,,,,,,,,,,,,,,,,,,,,,,,,,,,,,,,,,,,,,,,,,,,,,,,,,,,,,,,,,,,,,,,,,,,,,,,,,,,,,,,,,,,,,,,,,,,,,,,,,,,,,,,,,,,,,,,,,,,,,,,,,,,,,,,,,,,,,,,,,,,,,,,,,,,,,,,,,,,,,,,,,,,,,,,,,,,,,,,,,,,,,,,,,,,,,,,,,,,,
,,,,,,,,,,,,,,,,,,,,,,,,,,,,,,,,,,,,,,,,,,,,,,,,,,,,,,,,,,,,,,,,,,,,,,,,,,,,,,,,,,,,,,,,,,,,,,,,,,,,,,,,,,,,,,,,,,,,,,,,,,,,,,,,,,,,,,,,,,,,,,,,,,,,,,,,,,,,,,,,,,,,,,,,,,,,,,,,,,,,,,,,,,,,,,,,,,,,,,,,,,,,,,,,,,,,,,,,,,,,,,,,,,,,,,,,,,,,,,,,,,,,,,,,,,,,,,,,,,,,,,,,,,,,,,,,,,,,,,,,,,,,,,,,,,,,,,,,,,,,,,,,,,,,,,,,,,,,,,,,,,,,,,,,,,,,,,,,,,,,,,,,,,,,,,,,,,,,,,,,,,,,,,,,,,,,,,,,,,,,,,,,,,,,,,,,,,,,,,,,,,,,,,,,,,,,,,,,,,,,,,,,,,,,,,,,,,,,,,,,,,,,,,,,,,,,,,,,,,,,,,,,,,,,,,,,,,,,,,,,,,,,,,,,,,,,,,,,,,,,,,,,,,,,,,,,,,,,,,,,,,,,,,,,,,,,,,,,,,,,,,,,,,,,,,,,,,,,,,,,,,,,,,,,,,,,,,,,,,,,,,,,,,,,,,,,,,,,,,,,,,,,,,,,,,,,,,,,,,,,,,,,,,,,,,,,,,,,,,,,,,,,,,,,,,,,,,,,,,,,,,,,,,,,,,,,,,,,,,,,,,,,,,,,,,,,,,,,,,,,,,,,,,,,,,,,,,,,,,,
,,,,,,,,,,,,,,,,,,,,,,,,,,,,,,,,,,,,,,,,,,,,,,,,,,,,,,,,,,,,,,,,,,,,,,,,,,,,,,,,,,,,,,,,,,,,,,,,,,,,,,,,,,,,,,,,,,,,,,,,,,,,,,,,,,,,,,,,,,,,,,,,,,,,,,,,,,,,,,,,,,,,,,,,,,,,,,,,,,,,,,,,,,,,,,,,,,,,,,,,,,,,,,,,,,,,,,,,,,,,,,,,,,,,,,,,,,,,,,,,,,,,,,,,,,,,,,,,,,,,,,,,,,,,,,,,,,,,,,,,,,,,,,,,,,,,,,,,,,,,,,,,,,,,,,,,,,,,,,,,,,,,,,,,,,,,,,,,,,,,,,,,,,,,,,,,,,,,,,,,,,,,,,,,,,,,,,,,,,,,,,,,,,,,,,,,,,,,,,,,,,,,,,,,,,,,,,,,,,,,,,,,,,,,,,,,,,,,,,,,,,,,,,,,,,,,,,,,,,,,,,,,,,,,,,,,,,,,,,,,,,,,,,,,,,,,,,,,,,,,,,,,,,,,,,,,,,,,,,,,,,,,,,,,,,,,,,,,,,,,,,,,,,,,,,,,,,,,,,,,,,,,,,,,,,,,,,,,,,,,,,,,,,,,,,,,,,,,,,,,,,,,,,,,,,,,,,,,,,,,,,,,,,,,,,,,,,,,,,,,,,,,,,,,,,,,,,,,,,,,,,,,,,,,,,,,,,,,,,,,,,,,,,,,,,,,,,,,,,,,,,,,,,,,,,,,,,,,,,,
,,,,,,,,,,,,,,,,,,,,,,,,,,,,,,,,,,,,,,,,,,,,,,,,,,,,,,,,,,,,,,,,,,,,,,,,,,,,,,,,,,,,,,,,,,,,,,,,,,,,,,,,,,,,,,,,,,,,,,,,,,,,,,,,,,,,,,,,,,,,,,,,,,,,,,,,,,,,,,,,,,,,,,,,,,,,,,,,,,,,,,,,,,,,,,,,,,,,,,,,,,,,,,,,,,,,,,,,,,,,,,,,,,,,,,,,,,,,,,,,,,,,,,,,,,,,,,,,,,,,,,,,,,,,,,,,,,,,,,,,,,,,,,,,,,,,,,,,,,,,,,,,,,,,,,,,,,,,,,,,,,,,,,,,,,,,,,,,,,,,,,,,,,,,,,,,,,,,,,,,,,,,,,,,,,,,,,,,,,,,,,,,,,,,,,,,,,,,,,,,,,,,,,,,,,,,,,,,,,,,,,,,,,,,,,,,,,,,,,,,,,,,,,,,,,,,,,,,,,,,,,,,,,,,,,,,,,,,,,,,,,,,,,,,,,,,,,,,,,,,,,,,,,,,,,,,,,,,,,,,,,,,,,,,,,,,,,,,,,,,,,,,,,,,,,,,,,,,,,,,,,,,,,,,,,,,,,,,,,,,,,,,,,,,,,,,,,,,,,,,,,,,,,,,,,,,,,,,,,,,,,,,,,,,,,,,,,,,,,,,,,,,,,,,,,,,,,,,,,,,,,,,,,,,,,,,,,,,,,,,,,,,,,,,,,,,,,,,,,,,,,,,,,,,,,,,,,,,,,,
,,,,,,,,,,,,,,,,,,,,,,,,,,,,,,,,,,,,,,,,,,,,,,,,,,,,,,,,,,,,,,,,,,,,,,,,,,,,,,,,,,,,,,,,,,,,,,,,,,,,,,,,,,,,,,,,,,,,,,,,,,,,,,,,,,,,,,,,,,,,,,,,,,,,,,,,,,,,,,,,,,,,,,,,,,,,,,,,,,,,,,,,,,,,,,,,,,,,,,,,,,,,,,,,,,,,,,,,,,,,,,,,,,,,,,,,,,,,,,,,,,,,,,,,,,,,,,,,,,,,,,,,,,,,,,,,,,,,,,,,,,,,,,,,,,,,,,,,,,,,,,,,,,,,,,,,,,,,,,,,,,,,,,,,,,,,,,,,,,,,,,,,,,,,,,,,,,,,,,,,,,,,,,,,,,,,,,,,,,,,,,,,,,,,,,,,,,,,,,,,,,,,,,,,,,,,,,,,,,,,,,,,,,,,,,,,,,,,,,,,,,,,,,,,,,,,,,,,,,,,,,,,,,,,,,,,,,,,,,,,,,,,,,,,,,,,,,,,,,,,,,,,,,,,,,,,,,,,,,,,,,,,,,,,,,,,,,,,,,,,,,,,,,,,,,,,,,,,,,,,,,,,,,,,,,,,,,,,,,,,,,,,,,,,,,,,,,,,,,,,,,,,,,,,,,,,,,,,,,,,,,,,,,,,,,,,,,,,,,,,,,,,,,,,,,,,,,,,,,,,,,,,,,,,,,,,,,,,,,,,,,,,,,,,,,,,,,,,,,,,,,,,,,,,,,,,,,,,,,,
,,,,,,,,,,,,,,,,,,,,,,,,,,,,,,,,,,,,,,,,,,,,,,,,,,,,,,,,,,,,,,,,,,,,,,,,,,,,,,,,,,,,,,,,,,,,,,,,,,,,,,,,,,,,,,,,,,,,,,,,,,,,,,,,,,,,,,,,,,,,,,,,,,,,,,,,,,,,,,,,,,,,,,,,,,,,,,,,,,,,,,,,,,,,,,,,,,,,,,,,,,,,,,,,,,,,,,,,,,,,,,,,,,,,,,,,,,,,,,,,,,,,,,,,,,,,,,,,,,,,,,,,,,,,,,,,,,,,,,,,,,,,,,,,,,,,,,,,,,,,,,,,,,,,,,,,,,,,,,,,,,,,,,,,,,,,,,,,,,,,,,,,,,,,,,,,,,,,,,,,,,,,,,,,,,,,,,,,,,,,,,,,,,,,,,,,,,,,,,,,,,,,,,,,,,,,,,,,,,,,,,,,,,,,,,,,,,,,,,,,,,,,,,,,,,,,,,,,,,,,,,,,,,,,,,,,,,,,,,,,,,,,,,,,,,,,,,,,,,,,,,,,,,,,,,,,,,,,,,,,,,,,,,,,,,,,,,,,,,,,,,,,,,,,,,,,,,,,,,,,,,,,,,,,,,,,,,,,,,,,,,,,,,,,,,,,,,,,,,,,,,,,,,,,,,,,,,,,,,,,,,,,,,,,,,,,,,,,,,,,,,,,,,,,,,,,,,,,,,,,,,,,,,,,,,,,,,,,,,,,,,,,,,,,,,,,,,,,,,,,,,,,,,,,,,,,,,,,,,,
,,,,,,,,,,,,,,,,,,,,,,,,,,,,,,,,,,,,,,,,,,,,,,,,,,,,,,,,,,,,,,,,,,,,,,,,,,,,,,,,,,,,,,,,,,,,,,,,,,,,,,,,,,,,,,,,,,,,,,,,,,,,,,,,,,,,,,,,,,,,,,,,,,,,,,,,,,,,,,,,,,,,,,,,,,,,,,,,,,,,,,,,,,,,,,,,,,,,,,,,,,,,,,,,,,,,,,,,,,,,,,,,,,,,,,,,,,,,,,,,,,,,,,,,,,,,,,,,,,,,,,,,,,,,,,,,,,,,,,,,,,,,,,,,,,,,,,,,,,,,,,,,,,,,,,,,,,,,,,,,,,,,,,,,,,,,,,,,,,,,,,,,,,,,,,,,,,,,,,,,,,,,,,,,,,,,,,,,,,,,,,,,,,,,,,,,,,,,,,,,,,,,,,,,,,,,,,,,,,,,,,,,,,,,,,,,,,,,,,,,,,,,,,,,,,,,,,,,,,,,,,,,,,,,,,,,,,,,,,,,,,,,,,,,,,,,,,,,,,,,,,,,,,,,,,,,,,,,,,,,,,,,,,,,,,,,,,,,,,,,,,,,,,,,,,,,,,,,,,,,,,,,,,,,,,,,,,,,,,,,,,,,,,,,,,,,,,,,,,,,,,,,,,,,,,,,,,,,,,,,,,,,,,,,,,,,,,,,,,,,,,,,,,,,,,,,,,,,,,,,,,,,,,,,,,,,,,,,,,,,,,,,,,,,,,,,,,,,,,,,,,,,,,,,,,,,,,,,,,,
,,,,,,,,,,,,,,,,,,,,,,,,,,,,,,,,,,,,,,,,,,,,,,,,,,,,,,,,,,,,,,,,,,,,,,,,,,,,,,,,,,,,,,,,,,,,,,,,,,,,,,,,,,,,,,,,,,,,,,,,,,,,,,,,,,,,,,,,,,,,,,,,,,,,,,,,,,,,,,,,,,,,,,,,,,,,,,,,,,,,,,,,,,,,,,,,,,,,,,,,,,,,,,,,,,,,,,,,,,,,,,,,,,,,,,,,,,,,,,,,,,,,,,,,,,,,,,,,,,,,,,,,,,,,,,,,,,,,,,,,,,,,,,,,,,,,,,,,,,,,,,,,,,,,,,,,,,,,,,,,,,,,,,,,,,,,,,,,,,,,,,,,,,,,,,,,,,,,,,,,,,,,,,,,,,,,,,,,,,,,,,,,,,,,,,,,,,,,,,,,,,,,,,,,,,,,,,,,,,,,,,,,,,,,,,,,,,,,,,,,,,,,,,,,,,,,,,,,,,,,,,,,,,,,,,,,,,,,,,,,,,,,,,,,,,,,,,,,,,,,,,,,,,,,,,,,,,,,,,,,,,,,,,,,,,,,,,,,,,,,,,,,,,,,,,,,,,,,,,,,,,,,,,,,,,,,,,,,,,,,,,,,,,,,,,,,,,,,,,,,,,,,,,,,,,,,,,,,,,,,,,,,,,,,,,,,,,,,,,,,,,,,,,,,,,,,,,,,,,,,,,,,,,,,,,,,,,,,,,,,,,,,,,,,,,,,,,,,,,,,,,,,,,,,,,,,,,,,,,,
,,,,,,,,,,,,,,,,,,,,,,,,,,,,,,,,,,,,,,,,,,,,,,,,,,,,,,,,,,,,,,,,,,,,,,,,,,,,,,,,,,,,,,,,,,,,,,,,,,,,,,,,,,,,,,,,,,,,,,,,,,,,,,,,,,,,,,,,,,,,,,,,,,,,,,,,,,,,,,,,,,,,,,,,,,,,,,,,,,,,,,,,,,,,,,,,,,,,,,,,,,,,,,,,,,,,,,,,,,,,,,,,,,,,,,,,,,,,,,,,,,,,,,,,,,,,,,,,,,,,,,,,,,,,,,,,,,,,,,,,,,,,,,,,,,,,,,,,,,,,,,,,,,,,,,,,,,,,,,,,,,,,,,,,,,,,,,,,,,,,,,,,,,,,,,,,,,,,,,,,,,,,,,,,,,,,,,,,,,,,,,,,,,,,,,,,,,,,,,,,,,,,,,,,,,,,,,,,,,,,,,,,,,,,,,,,,,,,,,,,,,,,,,,,,,,,,,,,,,,,,,,,,,,,,,,,,,,,,,,,,,,,,,,,,,,,,,,,,,,,,,,,,,,,,,,,,,,,,,,,,,,,,,,,,,,,,,,,,,,,,,,,,,,,,,,,,,,,,,,,,,,,,,,,,,,,,,,,,,,,,,,,,,,,,,,,,,,,,,,,,,,,,,,,,,,,,,,,,,,,,,,,,,,,,,,,,,,,,,,,,,,,,,,,,,,,,,,,,,,,,,,,,,,,,,,,,,,,,,,,,,,,,,,,,,,,,,,,,,,,,,,,,,,,,,,,,,,,,,,
,,,,,,,,,,,,,,,,,,,,,,,,,,,,,,,,,,,,,,,,,,,,,,,,,,,,,,,,,,,,,,,,,,,,,,,,,,,,,,,,,,,,,,,,,,,,,,,,,,,,,,,,,,,,,,,,,,,,,,,,,,,,,,,,,,,,,,,,,,,,,,,,,,,,,,,,,,,,,,,,,,,,,,,,,,,,,,,,,,,,,,,,,,,,,,,,,,,,,,,,,,,,,,,,,,,,,,,,,,,,,,,,,,,,,,,,,,,,,,,,,,,,,,,,,,,,,,,,,,,,,,,,,,,,,,,,,,,,,,,,,,,,,,,,,,,,,,,,,,,,,,,,,,,,,,,,,,,,,,,,,,,,,,,,,,,,,,,,,,,,,,,,,,,,,,,,,,,,,,,,,,,,,,,,,,,,,,,,,,,,,,,,,,,,,,,,,,,,,,,,,,,,,,,,,,,,,,,,,,,,,,,,,,,,,,,,,,,,,,,,,,,,,,,,,,,,,,,,,,,,,,,,,,,,,,,,,,,,,,,,,,,,,,,,,,,,,,,,,,,,,,,,,,,,,,,,,,,,,,,,,,,,,,,,,,,,,,,,,,,,,,,,,,,,,,,,,,,,,,,,,,,,,,,,,,,,,,,,,,,,,,,,,,,,,,,,,,,,,,,,,,,,,,,,,,,,,,,,,,,,,,,,,,,,,,,,,,,,,,,,,,,,,,,,,,,,,,,,,,,,,,,,,,,,,,,,,,,,,,,,,,,,,,,,,,,,,,,,,,,,,,,,,,,,,,,,,,,,,,,
,,,,,,,,,,,,,,,,,,,,,,,,,,,,,,,,,,,,,,,,,,,,,,,,,,,,,,,,,,,,,,,,,,,,,,,,,,,,,,,,,,,,,,,,,,,,,,,,,,,,,,,,,,,,,,,,,,,,,,,,,,,,,,,,,,,,,,,,,,,,,,,,,,,,,,,,,,,,,,,,,,,,,,,,,,,,,,,,,,,,,,,,,,,,,,,,,,,,,,,,,,,,,,,,,,,,,,,,,,,,,,,,,,,,,,,,,,,,,,,,,,,,,,,,,,,,,,,,,,,,,,,,,,,,,,,,,,,,,,,,,,,,,,,,,,,,,,,,,,,,,,,,,,,,,,,,,,,,,,,,,,,,,,,,,,,,,,,,,,,,,,,,,,,,,,,,,,,,,,,,,,,,,,,,,,,,,,,,,,,,,,,,,,,,,,,,,,,,,,,,,,,,,,,,,,,,,,,,,,,,,,,,,,,,,,,,,,,,,,,,,,,,,,,,,,,,,,,,,,,,,,,,,,,,,,,,,,,,,,,,,,,,,,,,,,,,,,,,,,,,,,,,,,,,,,,,,,,,,,,,,,,,,,,,,,,,,,,,,,,,,,,,,,,,,,,,,,,,,,,,,,,,,,,,,,,,,,,,,,,,,,,,,,,,,,,,,,,,,,,,,,,,,,,,,,,,,,,,,,,,,,,,,,,,,,,,,,,,,,,,,,,,,,,,,,,,,,,,,,,,,,,,,,,,,,,,,,,,,,,,,,,,,,,,,,,,,,,,,,,,,,,,,,,,,,,,,,,,,,,
,,,,,,,,,,,,,,,,,,,,,,,,,,,,,,,,,,,,,,,,,,,,,,,,,,,,,,,,,,,,,,,,,,,,,,,,,,,,,,,,,,,,,,,,,,,,,,,,,,,,,,,,,,,,,,,,,,,,,,,,,,,,,,,,,,,,,,,,,,,,,,,,,,,,,,,,,,,,,,,,,,,,,,,,,,,,,,,,,,,,,,,,,,,,,,,,,,,,,,,,,,,,,,,,,,,,,,,,,,,,,,,,,,,,,,,,,,,,,,,,,,,,,,,,,,,,,,,,,,,,,,,,,,,,,,,,,,,,,,,,,,,,,,,,,,,,,,,,,,,,,,,,,,,,,,,,,,,,,,,,,,,,,,,,,,,,,,,,,,,,,,,,,,,,,,,,,,,,,,,,,,,,,,,,,,,,,,,,,,,,,,,,,,,,,,,,,,,,,,,,,,,,,,,,,,,,,,,,,,,,,,,,,,,,,,,,,,,,,,,,,,,,,,,,,,,,,,,,,,,,,,,,,,,,,,,,,,,,,,,,,,,,,,,,,,,,,,,,,,,,,,,,,,,,,,,,,,,,,,,,,,,,,,,,,,,,,,,,,,,,,,,,,,,,,,,,,,,,,,,,,,,,,,,,,,,,,,,,,,,,,,,,,,,,,,,,,,,,,,,,,,,,,,,,,,,,,,,,,,,,,,,,,,,,,,,,,,,,,,,,,,,,,,,,,,,,,,,,,,,,,,,,,,,,,,,,,,,,,,,,,,,,,,,,,,,,,,,,,,,,,,,,,,,,,,,,,,,,,,,
,,,,,,,,,,,,,,,,,,,,,,,,,,,,,,,,,,,,,,,,,,,,,,,,,,,,,,,,,,,,,,,,,,,,,,,,,,,,,,,,,,,,,,,,,,,,,,,,,,,,,,,,,,,,,,,,,,,,,,,,,,,,,,,,,,,,,,,,,,,,,,,,,,,,,,,,,,,,,,,,,,,,,,,,,,,,,,,,,,,,,,,,,,,,,,,,,,,,,,,,,,,,,,,,,,,,,,,,,,,,,,,,,,,,,,,,,,,,,,,,,,,,,,,,,,,,,,,,,,,,,,,,,,,,,,,,,,,,,,,,,,,,,,,,,,,,,,,,,,,,,,,,,,,,,,,,,,,,,,,,,,,,,,,,,,,,,,,,,,,,,,,,,,,,,,,,,,,,,,,,,,,,,,,,,,,,,,,,,,,,,,,,,,,,,,,,,,,,,,,,,,,,,,,,,,,,,,,,,,,,,,,,,,,,,,,,,,,,,,,,,,,,,,,,,,,,,,,,,,,,,,,,,,,,,,,,,,,,,,,,,,,,,,,,,,,,,,,,,,,,,,,,,,,,,,,,,,,,,,,,,,,,,,,,,,,,,,,,,,,,,,,,,,,,,,,,,,,,,,,,,,,,,,,,,,,,,,,,,,,,,,,,,,,,,,,,,,,,,,,,,,,,,,,,,,,,,,,,,,,,,,,,,,,,,,,,,,,,,,,,,,,,,,,,,,,,,,,,,,,,,,,,,,,,,,,,,,,,,,,,,,,,,,,,,,,,,,,,,,,,,,,,,,,,,,,,,,,,,,,
,,,,,,,,,,,,,,,,,,,,,,,,,,,,,,,,,,,,,,,,,,,,,,,,,,,,,,,,,,,,,,,,,,,,,,,,,,,,,,,,,,,,,,,,,,,,,,,,,,,,,,,,,,,,,,,,,,,,,,,,,,,,,,,,,,,,,,,,,,,,,,,,,,,,,,,,,,,,,,,,,,,,,,,,,,,,,,,,,,,,,,,,,,,,,,,,,,,,,,,,,,,,,,,,,,,,,,,,,,,,,,,,,,,,,,,,,,,,,,,,,,,,,,,,,,,,,,,,,,,,,,,,,,,,,,,,,,,,,,,,,,,,,,,,,,,,,,,,,,,,,,,,,,,,,,,,,,,,,,,,,,,,,,,,,,,,,,,,,,,,,,,,,,,,,,,,,,,,,,,,,,,,,,,,,,,,,,,,,,,,,,,,,,,,,,,,,,,,,,,,,,,,,,,,,,,,,,,,,,,,,,,,,,,,,,,,,,,,,,,,,,,,,,,,,,,,,,,,,,,,,,,,,,,,,,,,,,,,,,,,,,,,,,,,,,,,,,,,,,,,,,,,,,,,,,,,,,,,,,,,,,,,,,,,,,,,,,,,,,,,,,,,,,,,,,,,,,,,,,,,,,,,,,,,,,,,,,,,,,,,,,,,,,,,,,,,,,,,,,,,,,,,,,,,,,,,,,,,,,,,,,,,,,,,,,,,,,,,,,,,,,,,,,,,,,,,,,,,,,,,,,,,,,,,,,,,,,,,,,,,,,,,,,,,,,,,,,,,,,,,,,,,,,,,,,,,,,,,,,,
,,,,,,,,,,,,,,,,,,,,,,,,,,,,,,,,,,,,,,,,,,,,,,,,,,,,,,,,,,,,,,,,,,,,,,,,,,,,,,,,,,,,,,,,,,,,,,,,,,,,,,,,,,,,,,,,,,,,,,,,,,,,,,,,,,,,,,,,,,,,,,,,,,,,,,,,,,,,,,,,,,,,,,,,,,,,,,,,,,,,,,,,,,,,,,,,,,,,,,,,,,,,,,,,,,,,,,,,,,,,,,,,,,,,,,,,,,,,,,,,,,,,,,,,,,,,,,,,,,,,,,,,,,,,,,,,,,,,,,,,,,,,,,,,,,,,,,,,,,,,,,,,,,,,,,,,,,,,,,,,,,,,,,,,,,,,,,,,,,,,,,,,,,,,,,,,,,,,,,,,,,,,,,,,,,,,,,,,,,,,,,,,,,,,,,,,,,,,,,,,,,,,,,,,,,,,,,,,,,,,,,,,,,,,,,,,,,,,,,,,,,,,,,,,,,,,,,,,,,,,,,,,,,,,,,,,,,,,,,,,,,,,,,,,,,,,,,,,,,,,,,,,,,,,,,,,,,,,,,,,,,,,,,,,,,,,,,,,,,,,,,,,,,,,,,,,,,,,,,,,,,,,,,,,,,,,,,,,,,,,,,,,,,,,,,,,,,,,,,,,,,,,,,,,,,,,,,,,,,,,,,,,,,,,,,,,,,,,,,,,,,,,,,,,,,,,,,,,,,,,,,,,,,,,,,,,,,,,,,,,,,,,,,,,,,,,,,,,,,,,,,,,,,,,,,,,,,,,,,,
,,,,,,,,,,,,,,,,,,,,,,,,,,,,,,,,,,,,,,,,,,,,,,,,,,,,,,,,,,,,,,,,,,,,,,,,,,,,,,,,,,,,,,,,,,,,,,,,,,,,,,,,,,,,,,,,,,,,,,,,,,,,,,,,,,,,,,,,,,,,,,,,,,,,,,,,,,,,,,,,,,,,,,,,,,,,,,,,,,,,,,,,,,,,,,,,,,,,,,,,,,,,,,,,,,,,,,,,,,,,,,,,,,,,,,,,,,,,,,,,,,,,,,,,,,,,,,,,,,,,,,,,,,,,,,,,,,,,,,,,,,,,,,,,,,,,,,,,,,,,,,,,,,,,,,,,,,,,,,,,,,,,,,,,,,,,,,,,,,,,,,,,,,,,,,,,,,,,,,,,,,,,,,,,,,,,,,,,,,,,,,,,,,,,,,,,,,,,,,,,,,,,,,,,,,,,,,,,,,,,,,,,,,,,,,,,,,,,,,,,,,,,,,,,,,,,,,,,,,,,,,,,,,,,,,,,,,,,,,,,,,,,,,,,,,,,,,,,,,,,,,,,,,,,,,,,,,,,,,,,,,,,,,,,,,,,,,,,,,,,,,,,,,,,,,,,,,,,,,,,,,,,,,,,,,,,,,,,,,,,,,,,,,,,,,,,,,,,,,,,,,,,,,,,,,,,,,,,,,,,,,,,,,,,,,,,,,,,,,,,,,,,,,,,,,,,,,,,,,,,,,,,,,,,,,,,,,,,,,,,,,,,,,,,,,,,,,,,,,,,,,,,,,,,,,,,,,,,,,,
,,,,,,,,,,,,,,,,,,,,,,,,,,,,,,,,,,,,,,,,,,,,,,,,,,,,,,,,,,,,,,,,,,,,,,,,,,,,,,,,,,,,,,,,,,,,,,,,,,,,,,,,,,,,,,,,,,,,,,,,,,,,,,,,,,,,,,,,,,,,,,,,,,,,,,,,,,,,,,,,,,,,,,,,,,,,,,,,,,,,,,,,,,,,,,,,,,,,,,,,,,,,,,,,,,,,,,,,,,,,,,,,,,,,,,,,,,,,,,,,,,,,,,,,,,,,,,,,,,,,,,,,,,,,,,,,,,,,,,,,,,,,,,,,,,,,,,,,,,,,,,,,,,,,,,,,,,,,,,,,,,,,,,,,,,,,,,,,,,,,,,,,,,,,,,,,,,,,,,,,,,,,,,,,,,,,,,,,,,,,,,,,,,,,,,,,,,,,,,,,,,,,,,,,,,,,,,,,,,,,,,,,,,,,,,,,,,,,,,,,,,,,,,,,,,,,,,,,,,,,,,,,,,,,,,,,,,,,,,,,,,,,,,,,,,,,,,,,,,,,,,,,,,,,,,,,,,,,,,,,,,,,,,,,,,,,,,,,,,,,,,,,,,,,,,,,,,,,,,,,,,,,,,,,,,,,,,,,,,,,,,,,,,,,,,,,,,,,,,,,,,,,,,,,,,,,,,,,,,,,,,,,,,,,,,,,,,,,,,,,,,,,,,,,,,,,,,,,,,,,,,,,,,,,,,,,,,,,,,,,,,,,,,,,,,,,,,,,,,,,,,,,,,,,,,,,,,,,,,,
,,,,,,,,,,,,,,,,,,,,,,,,,,,,,,,,,,,,,,,,,,,,,,,,,,,,,,,,,,,,,,,,,,,,,,,,,,,,,,,,,,,,,,,,,,,,,,,,,,,,,,,,,,,,,,,,,,,,,,,,,,,,,,,,,,,,,,,,,,,,,,,,,,,,,,,,,,,,,,,,,,,,,,,,,,,,,,,,,,,,,,,,,,,,,,,,,,,,,,,,,,,,,,,,,,,,,,,,,,,,,,,,,,,,,,,,,,,,,,,,,,,,,,,,,,,,,,,,,,,,,,,,,,,,,,,,,,,,,,,,,,,,,,,,,,,,,,,,,,,,,,,,,,,,,,,,,,,,,,,,,,,,,,,,,,,,,,,,,,,,,,,,,,,,,,,,,,,,,,,,,,,,,,,,,,,,,,,,,,,,,,,,,,,,,,,,,,,,,,,,,,,,,,,,,,,,,,,,,,,,,,,,,,,,,,,,,,,,,,,,,,,,,,,,,,,,,,,,,,,,,,,,,,,,,,,,,,,,,,,,,,,,,,,,,,,,,,,,,,,,,,,,,,,,,,,,,,,,,,,,,,,,,,,,,,,,,,,,,,,,,,,,,,,,,,,,,,,,,,,,,,,,,,,,,,,,,,,,,,,,,,,,,,,,,,,,,,,,,,,,,,,,,,,,,,,,,,,,,,,,,,,,,,,,,,,,,,,,,,,,,,,,,,,,,,,,,,,,,,,,,,,,,,,,,,,,,,,,,,,,,,,,,,,,,,,,,,,,,,,,,,,,,,,,,,,,,,,,,,,
,,,,,,,,,,,,,,,,,,,,,,,,,,,,,,,,,,,,,,,,,,,,,,,,,,,,,,,,,,,,,,,,,,,,,,,,,,,,,,,,,,,,,,,,,,,,,,,,,,,,,,,,,,,,,,,,,,,,,,,,,,,,,,,,,,,,,,,,,,,,,,,,,,,,,,,,,,,,,,,,,,,,,,,,,,,,,,,,,,,,,,,,,,,,,,,,,,,,,,,,,,,,,,,,,,,,,,,,,,,,,,,,,,,,,,,,,,,,,,,,,,,,,,,,,,,,,,,,,,,,,,,,,,,,,,,,,,,,,,,,,,,,,,,,,,,,,,,,,,,,,,,,,,,,,,,,,,,,,,,,,,,,,,,,,,,,,,,,,,,,,,,,,,,,,,,,,,,,,,,,,,,,,,,,,,,,,,,,,,,,,,,,,,,,,,,,,,,,,,,,,,,,,,,,,,,,,,,,,,,,,,,,,,,,,,,,,,,,,,,,,,,,,,,,,,,,,,,,,,,,,,,,,,,,,,,,,,,,,,,,,,,,,,,,,,,,,,,,,,,,,,,,,,,,,,,,,,,,,,,,,,,,,,,,,,,,,,,,,,,,,,,,,,,,,,,,,,,,,,,,,,,,,,,,,,,,,,,,,,,,,,,,,,,,,,,,,,,,,,,,,,,,,,,,,,,,,,,,,,,,,,,,,,,,,,,,,,,,,,,,,,,,,,,,,,,,,,,,,,,,,,,,,,,,,,,,,,,,,,,,,,,,,,,,,,,,,,,,,,,,,,,,,,,,,,,,,,,,,,,
,,,,,,,,,,,,,,,,,,,,,,,,,,,,,,,,,,,,,,,,,,,,,,,,,,,,,,,,,,,,,,,,,,,,,,,,,,,,,,,,,,,,,,,,,,,,,,,,,,,,,,,,,,,,,,,,,,,,,,,,,,,,,,,,,,,,,,,,,,,,,,,,,,,,,,,,,,,,,,,,,,,,,,,,,,,,,,,,,,,,,,,,,,,,,,,,,,,,,,,,,,,,,,,,,,,,,,,,,,,,,,,,,,,,,,,,,,,,,,,,,,,,,,,,,,,,,,,,,,,,,,,,,,,,,,,,,,,,,,,,,,,,,,,,,,,,,,,,,,,,,,,,,,,,,,,,,,,,,,,,,,,,,,,,,,,,,,,,,,,,,,,,,,,,,,,,,,,,,,,,,,,,,,,,,,,,,,,,,,,,,,,,,,,,,,,,,,,,,,,,,,,,,,,,,,,,,,,,,,,,,,,,,,,,,,,,,,,,,,,,,,,,,,,,,,,,,,,,,,,,,,,,,,,,,,,,,,,,,,,,,,,,,,,,,,,,,,,,,,,,,,,,,,,,,,,,,,,,,,,,,,,,,,,,,,,,,,,,,,,,,,,,,,,,,,,,,,,,,,,,,,,,,,,,,,,,,,,,,,,,,,,,,,,,,,,,,,,,,,,,,,,,,,,,,,,,,,,,,,,,,,,,,,,,,,,,,,,,,,,,,,,,,,,,,,,,,,,,,,,,,,,,,,,,,,,,,,,,,,,,,,,,,,,,,,,,,,,,,,,,,,,,,,,,,,,,,,,,,,,
,,,,,,,,,,,,,,,,,,,,,,,,,,,,,,,,,,,,,,,,,,,,,,,,,,,,,,,,,,,,,,,,,,,,,,,,,,,,,,,,,,,,,,,,,,,,,,,,,,,,,,,,,,,,,,,,,,,,,,,,,,,,,,,,,,,,,,,,,,,,,,,,,,,,,,,,,,,,,,,,,,,,,,,,,,,,,,,,,,,,,,,,,,,,,,,,,,,,,,,,,,,,,,,,,,,,,,,,,,,,,,,,,,,,,,,,,,,,,,,,,,,,,,,,,,,,,,,,,,,,,,,,,,,,,,,,,,,,,,,,,,,,,,,,,,,,,,,,,,,,,,,,,,,,,,,,,,,,,,,,,,,,,,,,,,,,,,,,,,,,,,,,,,,,,,,,,,,,,,,,,,,,,,,,,,,,,,,,,,,,,,,,,,,,,,,,,,,,,,,,,,,,,,,,,,,,,,,,,,,,,,,,,,,,,,,,,,,,,,,,,,,,,,,,,,,,,,,,,,,,,,,,,,,,,,,,,,,,,,,,,,,,,,,,,,,,,,,,,,,,,,,,,,,,,,,,,,,,,,,,,,,,,,,,,,,,,,,,,,,,,,,,,,,,,,,,,,,,,,,,,,,,,,,,,,,,,,,,,,,,,,,,,,,,,,,,,,,,,,,,,,,,,,,,,,,,,,,,,,,,,,,,,,,,,,,,,,,,,,,,,,,,,,,,,,,,,,,,,,,,,,,,,,,,,,,,,,,,,,,,,,,,,,,,,,,,,,,,,,,,,,,,,,,,,,,,,,,,,,,
,,,,,,,,,,,,,,,,,,,,,,,,,,,,,,,,,,,,,,,,,,,,,,,,,,,,,,,,,,,,,,,,,,,,,,,,,,,,,,,,,,,,,,,,,,,,,,,,,,,,,,,,,,,,,,,,,,,,,,,,,,,,,,,,,,,,,,,,,,,,,,,,,,,,,,,,,,,,,,,,,,,,,,,,,,,,,,,,,,,,,,,,,,,,,,,,,,,,,,,,,,,,,,,,,,,,,,,,,,,,,,,,,,,,,,,,,,,,,,,,,,,,,,,,,,,,,,,,,,,,,,,,,,,,,,,,,,,,,,,,,,,,,,,,,,,,,,,,,,,,,,,,,,,,,,,,,,,,,,,,,,,,,,,,,,,,,,,,,,,,,,,,,,,,,,,,,,,,,,,,,,,,,,,,,,,,,,,,,,,,,,,,,,,,,,,,,,,,,,,,,,,,,,,,,,,,,,,,,,,,,,,,,,,,,,,,,,,,,,,,,,,,,,,,,,,,,,,,,,,,,,,,,,,,,,,,,,,,,,,,,,,,,,,,,,,,,,,,,,,,,,,,,,,,,,,,,,,,,,,,,,,,,,,,,,,,,,,,,,,,,,,,,,,,,,,,,,,,,,,,,,,,,,,,,,,,,,,,,,,,,,,,,,,,,,,,,,,,,,,,,,,,,,,,,,,,,,,,,,,,,,,,,,,,,,,,,,,,,,,,,,,,,,,,,,,,,,,,,,,,,,,,,,,,,,,,,,,,,,,,,,,,,,,,,,,,,,,,,,,,,,,,,,,,,,,,,,,,,,,
,,,,,,,,,,,,,,,,,,,,,,,,,,,,,,,,,,,,,,,,,,,,,,,,,,,,,,,,,,,,,,,,,,,,,,,,,,,,,,,,,,,,,,,,,,,,,,,,,,,,,,,,,,,,,,,,,,,,,,,,,,,,,,,,,,,,,,,,,,,,,,,,,,,,,,,,,,,,,,,,,,,,,,,,,,,,,,,,,,,,,,,,,,,,,,,,,,,,,,,,,,,,,,,,,,,,,,,,,,,,,,,,,,,,,,,,,,,,,,,,,,,,,,,,,,,,,,,,,,,,,,,,,,,,,,,,,,,,,,,,,,,,,,,,,,,,,,,,,,,,,,,,,,,,,,,,,,,,,,,,,,,,,,,,,,,,,,,,,,,,,,,,,,,,,,,,,,,,,,,,,,,,,,,,,,,,,,,,,,,,,,,,,,,,,,,,,,,,,,,,,,,,,,,,,,,,,,,,,,,,,,,,,,,,,,,,,,,,,,,,,,,,,,,,,,,,,,,,,,,,,,,,,,,,,,,,,,,,,,,,,,,,,,,,,,,,,,,,,,,,,,,,,,,,,,,,,,,,,,,,,,,,,,,,,,,,,,,,,,,,,,,,,,,,,,,,,,,,,,,,,,,,,,,,,,,,,,,,,,,,,,,,,,,,,,,,,,,,,,,,,,,,,,,,,,,,,,,,,,,,,,,,,,,,,,,,,,,,,,,,,,,,,,,,,,,,,,,,,,,,,,,,,,,,,,,,,,,,,,,,,,,,,,,,,,,,,,,,,,,,,,,,,,,,,,,,,,,,,,,
,,,,,,,,,,,,,,,,,,,,,,,,,,,,,,,,,,,,,,,,,,,,,,,,,,,,,,,,,,,,,,,,,,,,,,,,,,,,,,,,,,,,,,,,,,,,,,,,,,,,,,,,,,,,,,,,,,,,,,,,,,,,,,,,,,,,,,,,,,,,,,,,,,,,,,,,,,,,,,,,,,,,,,,,,,,,,,,,,,,,,,,,,,,,,,,,,,,,,,,,,,,,,,,,,,,,,,,,,,,,,,,,,,,,,,,,,,,,,,,,,,,,,,,,,,,,,,,,,,,,,,,,,,,,,,,,,,,,,,,,,,,,,,,,,,,,,,,,,,,,,,,,,,,,,,,,,,,,,,,,,,,,,,,,,,,,,,,,,,,,,,,,,,,,,,,,,,,,,,,,,,,,,,,,,,,,,,,,,,,,,,,,,,,,,,,,,,,,,,,,,,,,,,,,,,,,,,,,,,,,,,,,,,,,,,,,,,,,,,,,,,,,,,,,,,,,,,,,,,,,,,,,,,,,,,,,,,,,,,,,,,,,,,,,,,,,,,,,,,,,,,,,,,,,,,,,,,,,,,,,,,,,,,,,,,,,,,,,,,,,,,,,,,,,,,,,,,,,,,,,,,,,,,,,,,,,,,,,,,,,,,,,,,,,,,,,,,,,,,,,,,,,,,,,,,,,,,,,,,,,,,,,,,,,,,,,,,,,,,,,,,,,,,,,,,,,,,,,,,,,,,,,,,,,,,,,,,,,,,,,,,,,,,,,,,,,,,,,,,,,,,,,,,,,,,,,,,,,,,,
,,,,,,,,,,,,,,,,,,,,,,,,,,,,,,,,,,,,,,,,,,,,,,,,,,,,,,,,,,,,,,,,,,,,,,,,,,,,,,,,,,,,,,,,,,,,,,,,,,,,,,,,,,,,,,,,,,,,,,,,,,,,,,,,,,,,,,,,,,,,,,,,,,,,,,,,,,,,,,,,,,,,,,,,,,,,,,,,,,,,,,,,,,,,,,,,,,,,,,,,,,,,,,,,,,,,,,,,,,,,,,,,,,,,,,,,,,,,,,,,,,,,,,,,,,,,,,,,,,,,,,,,,,,,,,,,,,,,,,,,,,,,,,,,,,,,,,,,,,,,,,,,,,,,,,,,,,,,,,,,,,,,,,,,,,,,,,,,,,,,,,,,,,,,,,,,,,,,,,,,,,,,,,,,,,,,,,,,,,,,,,,,,,,,,,,,,,,,,,,,,,,,,,,,,,,,,,,,,,,,,,,,,,,,,,,,,,,,,,,,,,,,,,,,,,,,,,,,,,,,,,,,,,,,,,,,,,,,,,,,,,,,,,,,,,,,,,,,,,,,,,,,,,,,,,,,,,,,,,,,,,,,,,,,,,,,,,,,,,,,,,,,,,,,,,,,,,,,,,,,,,,,,,,,,,,,,,,,,,,,,,,,,,,,,,,,,,,,,,,,,,,,,,,,,,,,,,,,,,,,,,,,,,,,,,,,,,,,,,,,,,,,,,,,,,,,,,,,,,,,,,,,,,,,,,,,,,,,,,,,,,,,,,,,,,,,,,,,,,,,,,,,,,,,,,,,,,,,,,,
,,,,,,,,,,,,,,,,,,,,,,,,,,,,,,,,,,,,,,,,,,,,,,,,,,,,,,,,,,,,,,,,,,,,,,,,,,,,,,,,,,,,,,,,,,,,,,,,,,,,,,,,,,,,,,,,,,,,,,,,,,,,,,,,,,,,,,,,,,,,,,,,,,,,,,,,,,,,,,,,,,,,,,,,,,,,,,,,,,,,,,,,,,,,,,,,,,,,,,,,,,,,,,,,,,,,,,,,,,,,,,,,,,,,,,,,,,,,,,,,,,,,,,,,,,,,,,,,,,,,,,,,,,,,,,,,,,,,,,,,,,,,,,,,,,,,,,,,,,,,,,,,,,,,,,,,,,,,,,,,,,,,,,,,,,,,,,,,,,,,,,,,,,,,,,,,,,,,,,,,,,,,,,,,,,,,,,,,,,,,,,,,,,,,,,,,,,,,,,,,,,,,,,,,,,,,,,,,,,,,,,,,,,,,,,,,,,,,,,,,,,,,,,,,,,,,,,,,,,,,,,,,,,,,,,,,,,,,,,,,,,,,,,,,,,,,,,,,,,,,,,,,,,,,,,,,,,,,,,,,,,,,,,,,,,,,,,,,,,,,,,,,,,,,,,,,,,,,,,,,,,,,,,,,,,,,,,,,,,,,,,,,,,,,,,,,,,,,,,,,,,,,,,,,,,,,,,,,,,,,,,,,,,,,,,,,,,,,,,,,,,,,,,,,,,,,,,,,,,,,,,,,,,,,,,,,,,,,,,,,,,,,,,,,,,,,,,,,,,,,,,,,,,,,,,,,,,,,,,,
,,,,,,,,,,,,,,,,,,,,,,,,,,,,,,,,,,,,,,,,,,,,,,,,,,,,,,,,,,,,,,,,,,,,,,,,,,,,,,,,,,,,,,,,,,,,,,,,,,,,,,,,,,,,,,,,,,,,,,,,,,,,,,,,,,,,,,,,,,,,,,,,,,,,,,,,,,,,,,,,,,,,,,,,,,,,,,,,,,,,,,,,,,,,,,,,,,,,,,,,,,,,,,,,,,,,,,,,,,,,,,,,,,,,,,,,,,,,,,,,,,,,,,,,,,,,,,,,,,,,,,,,,,,,,,,,,,,,,,,,,,,,,,,,,,,,,,,,,,,,,,,,,,,,,,,,,,,,,,,,,,,,,,,,,,,,,,,,,,,,,,,,,,,,,,,,,,,,,,,,,,,,,,,,,,,,,,,,,,,,,,,,,,,,,,,,,,,,,,,,,,,,,,,,,,,,,,,,,,,,,,,,,,,,,,,,,,,,,,,,,,,,,,,,,,,,,,,,,,,,,,,,,,,,,,,,,,,,,,,,,,,,,,,,,,,,,,,,,,,,,,,,,,,,,,,,,,,,,,,,,,,,,,,,,,,,,,,,,,,,,,,,,,,,,,,,,,,,,,,,,,,,,,,,,,,,,,,,,,,,,,,,,,,,,,,,,,,,,,,,,,,,,,,,,,,,,,,,,,,,,,,,,,,,,,,,,,,,,,,,,,,,,,,,,,,,,,,,,,,,,,,,,,,,,,,,,,,,,,,,,,,,,,,,,,,,,,,,,,,,,,,,,,,,,,,,,,,,,,,
,,,,,,,,,,,,,,,,,,,,,,,,,,,,,,,,,,,,,,,,,,,,,,,,,,,,,,,,,,,,,,,,,,,,,,,,,,,,,,,,,,,,,,,,,,,,,,,,,,,,,,,,,,,,,,,,,,,,,,,,,,,,,,,,,,,,,,,,,,,,,,,,,,,,,,,,,,,,,,,,,,,,,,,,,,,,,,,,,,,,,,,,,,,,,,,,,,,,,,,,,,,,,,,,,,,,,,,,,,,,,,,,,,,,,,,,,,,,,,,,,,,,,,,,,,,,,,,,,,,,,,,,,,,,,,,,,,,,,,,,,,,,,,,,,,,,,,,,,,,,,,,,,,,,,,,,,,,,,,,,,,,,,,,,,,,,,,,,,,,,,,,,,,,,,,,,,,,,,,,,,,,,,,,,,,,,,,,,,,,,,,,,,,,,,,,,,,,,,,,,,,,,,,,,,,,,,,,,,,,,,,,,,,,,,,,,,,,,,,,,,,,,,,,,,,,,,,,,,,,,,,,,,,,,,,,,,,,,,,,,,,,,,,,,,,,,,,,,,,,,,,,,,,,,,,,,,,,,,,,,,,,,,,,,,,,,,,,,,,,,,,,,,,,,,,,,,,,,,,,,,,,,,,,,,,,,,,,,,,,,,,,,,,,,,,,,,,,,,,,,,,,,,,,,,,,,,,,,,,,,,,,,,,,,,,,,,,,,,,,,,,,,,,,,,,,,,,,,,,,,,,,,,,,,,,,,,,,,,,,,,,,,,,,,,,,,,,,,,,,,,,,,,,,,,,,,,,,,,,,
,,,,,,,,,,,,,,,,,,,,,,,,,,,,,,,,,,,,,,,,,,,,,,,,,,,,,,,,,,,,,,,,,,,,,,,,,,,,,,,,,,,,,,,,,,,,,,,,,,,,,,,,,,,,,,,,,,,,,,,,,,,,,,,,,,,,,,,,,,,,,,,,,,,,,,,,,,,,,,,,,,,,,,,,,,,,,,,,,,,,,,,,,,,,,,,,,,,,,,,,,,,,,,,,,,,,,,,,,,,,,,,,,,,,,,,,,,,,,,,,,,,,,,,,,,,,,,,,,,,,,,,,,,,,,,,,,,,,,,,,,,,,,,,,,,,,,,,,,,,,,,,,,,,,,,,,,,,,,,,,,,,,,,,,,,,,,,,,,,,,,,,,,,,,,,,,,,,,,,,,,,,,,,,,,,,,,,,,,,,,,,,,,,,,,,,,,,,,,,,,,,,,,,,,,,,,,,,,,,,,,,,,,,,,,,,,,,,,,,,,,,,,,,,,,,,,,,,,,,,,,,,,,,,,,,,,,,,,,,,,,,,,,,,,,,,,,,,,,,,,,,,,,,,,,,,,,,,,,,,,,,,,,,,,,,,,,,,,,,,,,,,,,,,,,,,,,,,,,,,,,,,,,,,,,,,,,,,,,,,,,,,,,,,,,,,,,,,,,,,,,,,,,,,,,,,,,,,,,,,,,,,,,,,,,,,,,,,,,,,,,,,,,,,,,,,,,,,,,,,,,,,,,,,,,,,,,,,,,,,,,,,,,,,,,,,,,,,,,,,,,,,,,,,,,,,,,,,,,,,
,,,,,,,,,,,,,,,,,,,,,,,,,,,,,,,,,,,,,,,,,,,,,,,,,,,,,,,,,,,,,,,,,,,,,,,,,,,,,,,,,,,,,,,,,,,,,,,,,,,,,,,,,,,,,,,,,,,,,,,,,,,,,,,,,,,,,,,,,,,,,,,,,,,,,,,,,,,,,,,,,,,,,,,,,,,,,,,,,,,,,,,,,,,,,,,,,,,,,,,,,,,,,,,,,,,,,,,,,,,,,,,,,,,,,,,,,,,,,,,,,,,,,,,,,,,,,,,,,,,,,,,,,,,,,,,,,,,,,,,,,,,,,,,,,,,,,,,,,,,,,,,,,,,,,,,,,,,,,,,,,,,,,,,,,,,,,,,,,,,,,,,,,,,,,,,,,,,,,,,,,,,,,,,,,,,,,,,,,,,,,,,,,,,,,,,,,,,,,,,,,,,,,,,,,,,,,,,,,,,,,,,,,,,,,,,,,,,,,,,,,,,,,,,,,,,,,,,,,,,,,,,,,,,,,,,,,,,,,,,,,,,,,,,,,,,,,,,,,,,,,,,,,,,,,,,,,,,,,,,,,,,,,,,,,,,,,,,,,,,,,,,,,,,,,,,,,,,,,,,,,,,,,,,,,,,,,,,,,,,,,,,,,,,,,,,,,,,,,,,,,,,,,,,,,,,,,,,,,,,,,,,,,,,,,,,,,,,,,,,,,,,,,,,,,,,,,,,,,,,,,,,,,,,,,,,,,,,,,,,,,,,,,,,,,,,,,,,,,,,,,,,,,,,,,,,,,,,,,,,
,,,,,,,,,,,,,,,,,,,,,,,,,,,,,,,,,,,,,,,,,,,,,,,,,,,,,,,,,,,,,,,,,,,,,,,,,,,,,,,,,,,,,,,,,,,,,,,,,,,,,,,,,,,,,,,,,,,,,,,,,,,,,,,,,,,,,,,,,,,,,,,,,,,,,,,,,,,,,,,,,,,,,,,,,,,,,,,,,,,,,,,,,,,,,,,,,,,,,,,,,,,,,,,,,,,,,,,,,,,,,,,,,,,,,,,,,,,,,,,,,,,,,,,,,,,,,,,,,,,,,,,,,,,,,,,,,,,,,,,,,,,,,,,,,,,,,,,,,,,,,,,,,,,,,,,,,,,,,,,,,,,,,,,,,,,,,,,,,,,,,,,,,,,,,,,,,,,,,,,,,,,,,,,,,,,,,,,,,,,,,,,,,,,,,,,,,,,,,,,,,,,,,,,,,,,,,,,,,,,,,,,,,,,,,,,,,,,,,,,,,,,,,,,,,,,,,,,,,,,,,,,,,,,,,,,,,,,,,,,,,,,,,,,,,,,,,,,,,,,,,,,,,,,,,,,,,,,,,,,,,,,,,,,,,,,,,,,,,,,,,,,,,,,,,,,,,,,,,,,,,,,,,,,,,,,,,,,,,,,,,,,,,,,,,,,,,,,,,,,,,,,,,,,,,,,,,,,,,,,,,,,,,,,,,,,,,,,,,,,,,,,,,,,,,,,,,,,,,,,,,,,,,,,,,,,,,,,,,,,,,,,,,,,,,,,,,,,,,,,,,,,,,,,,,,,,,,,,,,,
,,,,,,,,,,,,,,,,,,,,,,,,,,,,,,,,,,,,,,,,,,,,,,,,,,,,,,,,,,,,,,,,,,,,,,,,,,,,,,,,,,,,,,,,,,,,,,,,,,,,,,,,,,,,,,,,,,,,,,,,,,,,,,,,,,,,,,,,,,,,,,,,,,,,,,,,,,,,,,,,,,,,,,,,,,,,,,,,,,,,,,,,,,,,,,,,,,,,,,,,,,,,,,,,,,,,,,,,,,,,,,,,,,,,,,,,,,,,,,,,,,,,,,,,,,,,,,,,,,,,,,,,,,,,,,,,,,,,,,,,,,,,,,,,,,,,,,,,,,,,,,,,,,,,,,,,,,,,,,,,,,,,,,,,,,,,,,,,,,,,,,,,,,,,,,,,,,,,,,,,,,,,,,,,,,,,,,,,,,,,,,,,,,,,,,,,,,,,,,,,,,,,,,,,,,,,,,,,,,,,,,,,,,,,,,,,,,,,,,,,,,,,,,,,,,,,,,,,,,,,,,,,,,,,,,,,,,,,,,,,,,,,,,,,,,,,,,,,,,,,,,,,,,,,,,,,,,,,,,,,,,,,,,,,,,,,,,,,,,,,,,,,,,,,,,,,,,,,,,,,,,,,,,,,,,,,,,,,,,,,,,,,,,,,,,,,,,,,,,,,,,,,,,,,,,,,,,,,,,,,,,,,,,,,,,,,,,,,,,,,,,,,,,,,,,,,,,,,,,,,,,,,,,,,,,,,,,,,,,,,,,,,,,,,,,,,,,,,,,,,,,,,,,,,,,,,,,,,,,,